# Example 3D scalar field: x y z field
# Point-form structured data, suitable for import/inspection
-1.000000 -1.000000 -1.000000 0.2000061442
-0.857143 -1.000000 -1.000000 0.1714463276
-0.714286 -1.000000 -1.000000 0.1429007270
-0.571429 -1.000000 -1.000000 0.1143765805
-0.428571 -1.000000 -1.000000 0.0858751911
-0.285714 -1.000000 -1.000000 0.0573848674
-0.142857 -1.000000 -1.000000 0.0288805944
0.000000 -1.000000 -1.000000 0.0003354626
0.142857 -1.000000 -1.000000 -0.0282622627
0.285714 -1.000000 -1.000000 -0.0569008469
0.428571 -1.000000 -1.000000 -0.0855533803
0.571429 -1.000000 -1.000000 -0.1141948481
0.714286 -1.000000 -1.000000 -0.1428135587
0.857143 -1.000000 -1.000000 -0.1714108152
1.000000 -1.000000 -1.000000 -0.1999938558
-1.000000 -0.833333 -1.000000 0.1666875246
-0.857143 -0.833333 -1.000000 0.1429174203
-0.714286 -0.833333 -1.000000 0.1191955753
-0.571429 -0.833333 -1.000000 0.0955465608
-0.428571 -0.833333 -1.000000 0.0719748008
-0.285714 -0.833333 -1.000000 0.0484406053
-0.142857 -0.833333 -1.000000 0.0248590563
0.000000 -0.833333 -1.000000 0.0011388028
0.142857 -0.833333 -1.000000 -0.0227599913
0.285714 -0.833333 -1.000000 -0.0467974899
0.428571 -0.833333 -1.000000 -0.0708823421
0.571429 -0.833333 -1.000000 -0.0949296296
0.714286 -0.833333 -1.000000 -0.1188996628
0.857143 -0.833333 -1.000000 -0.1427968655
1.000000 -0.833333 -1.000000 -0.1666458088
-1.000000 -0.666667 -1.000000 0.1333900310
-0.857143 -0.666667 -1.000000 0.1144495653
-0.714286 -0.666667 -1.000000 0.0956402820
-0.571429 -0.666667 -1.000000 0.0770289726
-0.428571 -0.666667 -1.000000 0.0586276624
-0.285714 -0.666667 -1.000000 0.0403284635
-0.142857 -0.666667 -1.000000 0.0219005442
0.000000 -0.666667 -1.000000 0.0030955869
0.142857 -0.666667 -1.000000 -0.0161946939
0.285714 -0.666667 -1.000000 -0.0358620127
0.428571 -0.666667 -1.000000 -0.0556580519
0.571429 -0.666667 -1.000000 -0.0753519798
0.714286 -0.666667 -1.000000 -0.0948359085
0.857143 -0.666667 -1.000000 -0.1141218633
1.000000 -0.666667 -1.000000 -0.1332766357
-1.000000 -0.500000 -1.000000 0.1001234098
-0.857143 -0.500000 -1.000000 0.0860709286
-0.714286 -0.500000 -1.000000 0.0723039831
-0.571429 -0.500000 -1.000000 0.0589679536
-0.428571 -0.500000 -1.000000 0.0460890144
-0.285714 -0.500000 -1.000000 0.0334323337
-0.142857 -0.500000 -1.000000 0.0204954766
0.000000 -0.500000 -1.000000 0.0067379470
0.142857 -0.500000 -1.000000 -0.0080759519
0.285714 -0.500000 -1.000000 -0.0237105234
0.428571 -0.500000 -1.000000 -0.0396252713
0.571429 -0.500000 -1.000000 -0.0553177607
0.714286 -0.500000 -1.000000 -0.0705531598
0.857143 -0.500000 -1.000000 -0.0853576428
1.000000 -0.500000 -1.000000 -0.0998765902
-1.000000 -0.333333 -1.000000 0.0668817587
-0.857143 -0.333333 -1.000000 0.0577644533
-0.714286 -0.333333 -1.000000 0.0491448105
-0.571429 -0.333333 -1.000000 0.0412762151
-0.428571 -0.333333 -1.000000 0.0342042866
-0.285714 -0.333333 -1.000000 0.0275197344
-0.142857 -0.333333 -1.000000 0.0203468602
0.000000 -0.333333 -1.000000 0.0117436285
0.142857 -0.333333 -1.000000 0.0012992412
0.285714 -0.333333 -1.000000 -0.0105755037
0.428571 -0.333333 -1.000000 -0.0229385705
0.571429 -0.333333 -1.000000 -0.0349142611
0.714286 -0.333333 -1.000000 -0.0460932848
0.857143 -0.333333 -1.000000 -0.0565212610
1.000000 -0.333333 -1.000000 -0.0664515746
-1.000000 -0.166667 -1.000000 0.0336335185
-0.857143 -0.166667 -1.000000 0.0294389359
-0.714286 -0.166667 -1.000000 0.0259388974
-0.571429 -0.166667 -1.000000 0.0234870301
-0.428571 -0.166667 -1.000000 0.0221470009
-0.285714 -0.166667 -1.000000 0.0213475990
-0.142857 -0.166667 -1.000000 0.0198666888
0.000000 -0.166667 -1.000000 0.0163895538
0.142857 -0.166667 -1.000000 0.0103428792
0.285714 -0.166667 -1.000000 0.0022999799
0.428571 -0.166667 -1.000000 -0.0064244276
0.571429 -0.166667 -1.000000 -0.0146082080
0.714286 -0.166667 -1.000000 -0.0216801502
0.857143 -0.166667 -1.000000 -0.0277039213
1.000000 -0.166667 -1.000000 -0.0330331482
-1.000000 0.000000 -1.000000 0.0003354626
-0.857143 0.000000 -1.000000 0.0009694560
-0.714286 0.000000 -1.000000 0.0023796156
-0.571429 0.000000 -1.000000 0.0049611265
-0.428571 0.000000 -1.000000 0.0087851377
-0.285714 0.000000 -1.000000 0.0132133102
-0.142857 0.000000 -1.000000 0.0168798841
0.000000 0.000000 -1.000000 0.0183156389
0.142857 0.000000 -1.000000 0.0168798841
0.285714 0.000000 -1.000000 0.0132133102
0.428571 0.000000 -1.000000 0.0087851377
0.571429 0.000000 -1.000000 0.0049611265
0.714286 0.000000 -1.000000 0.0023796156
0.857143 0.000000 -1.000000 0.0009694560
1.000000 0.000000 -1.000000 0.0003354626
-1.000000 0.166667 -1.000000 -0.0330331482
-0.857143 0.166667 -1.000000 -0.0277039213
-0.714286 0.166667 -1.000000 -0.0216801502
-0.571429 0.166667 -1.000000 -0.0146082080
-0.428571 0.166667 -1.000000 -0.0064244276
-0.285714 0.166667 -1.000000 0.0022999799
-0.142857 0.166667 -1.000000 0.0103428792
0.000000 0.166667 -1.000000 0.0163895538
0.142857 0.166667 -1.000000 0.0198666888
0.285714 0.166667 -1.000000 0.0213475990
0.428571 0.166667 -1.000000 0.0221470009
0.571429 0.166667 -1.000000 0.0234870301
0.714286 0.166667 -1.000000 0.0259388974
0.857143 0.166667 -1.000000 0.0294389359
1.000000 0.166667 -1.000000 0.0336335185
-1.000000 0.333333 -1.000000 -0.0664515746
-0.857143 0.333333 -1.000000 -0.0565212610
-0.714286 0.333333 -1.000000 -0.0460932848
-0.571429 0.333333 -1.000000 -0.0349142611
-0.428571 0.333333 -1.000000 -0.0229385705
-0.285714 0.333333 -1.000000 -0.0105755037
-0.142857 0.333333 -1.000000 0.0012992412
0.000000 0.333333 -1.000000 0.0117436285
0.142857 0.333333 -1.000000 0.0203468602
0.285714 0.333333 -1.000000 0.0275197344
0.428571 0.333333 -1.000000 0.0342042866
0.571429 0.333333 -1.000000 0.0412762151
0.714286 0.333333 -1.000000 0.0491448105
0.857143 0.333333 -1.000000 0.0577644533
1.000000 0.333333 -1.000000 0.0668817587
-1.000000 0.500000 -1.000000 -0.0998765902
-0.857143 0.500000 -1.000000 -0.0853576428
-0.714286 0.500000 -1.000000 -0.0705531598
-0.571429 0.500000 -1.000000 -0.0553177607
-0.428571 0.500000 -1.000000 -0.0396252713
-0.285714 0.500000 -1.000000 -0.0237105234
-0.142857 0.500000 -1.000000 -0.0080759519
0.000000 0.500000 -1.000000 0.0067379470
0.142857 0.500000 -1.000000 0.0204954766
0.285714 0.500000 -1.000000 0.0334323337
0.428571 0.500000 -1.000000 0.0460890144
0.571429 0.500000 -1.000000 0.0589679536
0.714286 0.500000 -1.000000 0.0723039831
0.857143 0.500000 -1.000000 0.0860709286
1.000000 0.500000 -1.000000 0.1001234098
-1.000000 0.666667 -1.000000 -0.1332766357
-0.857143 0.666667 -1.000000 -0.1141218633
-0.714286 0.666667 -1.000000 -0.0948359085
-0.571429 0.666667 -1.000000 -0.0753519798
-0.428571 0.666667 -1.000000 -0.0556580519
-0.285714 0.666667 -1.000000 -0.0358620127
-0.142857 0.666667 -1.000000 -0.0161946939
0.000000 0.666667 -1.000000 0.0030955869
0.142857 0.666667 -1.000000 0.0219005442
0.285714 0.666667 -1.000000 0.0403284635
0.428571 0.666667 -1.000000 0.0586276624
0.571429 0.666667 -1.000000 0.0770289726
0.714286 0.666667 -1.000000 0.0956402820
0.857143 0.666667 -1.000000 0.1144495653
1.000000 0.666667 -1.000000 0.1333900310
-1.000000 0.833333 -1.000000 -0.1666458088
-0.857143 0.833333 -1.000000 -0.1427968655
-0.714286 0.833333 -1.000000 -0.1188996628
-0.571429 0.833333 -1.000000 -0.0949296296
-0.428571 0.833333 -1.000000 -0.0708823421
-0.285714 0.833333 -1.000000 -0.0467974899
-0.142857 0.833333 -1.000000 -0.0227599913
0.000000 0.833333 -1.000000 0.0011388028
0.142857 0.833333 -1.000000 0.0248590563
0.285714 0.833333 -1.000000 0.0484406053
0.428571 0.833333 -1.000000 0.0719748008
0.571429 0.833333 -1.000000 0.0955465608
0.714286 0.833333 -1.000000 0.1191955753
0.857143 0.833333 -1.000000 0.1429174203
1.000000 0.833333 -1.000000 0.1666875246
-1.000000 1.000000 -1.000000 -0.1999938558
-0.857143 1.000000 -1.000000 -0.1714108152
-0.714286 1.000000 -1.000000 -0.1428135587
-0.571429 1.000000 -1.000000 -0.1141948481
-0.428571 1.000000 -1.000000 -0.0855533803
-0.285714 1.000000 -1.000000 -0.0569008469
-0.142857 1.000000 -1.000000 -0.0282622627
0.000000 1.000000 -1.000000 0.0003354626
0.142857 1.000000 -1.000000 0.0288805944
0.285714 1.000000 -1.000000 0.0573848674
0.428571 1.000000 -1.000000 0.0858751911
0.571429 1.000000 -1.000000 0.1143765805
0.714286 1.000000 -1.000000 0.1429007270
0.857143 1.000000 -1.000000 0.1714463276
1.000000 1.000000 -1.000000 0.2000061442
-1.000000 -1.000000 -0.800000 0.2000259329
-0.857143 -1.000000 -0.800000 0.1715035150
-0.714286 -1.000000 -0.800000 0.1430410984
-0.571429 -1.000000 -0.800000 0.1146692329
-0.428571 -1.000000 -0.800000 0.0863934185
-0.285714 -1.000000 -0.800000 0.0581643087
-0.142857 -1.000000 -0.800000 0.0298763236
0.000000 -1.000000 -0.800000 0.0014158857
0.142857 -1.000000 -0.800000 -0.0272665335
0.285714 -1.000000 -0.800000 -0.0561214056
0.428571 -1.000000 -0.800000 -0.0850351529
0.571429 -1.000000 -0.800000 -0.1139021957
0.714286 -1.000000 -0.800000 -0.1426731873
0.857143 -1.000000 -0.800000 -0.1713536279
1.000000 -1.000000 -0.800000 -0.1999740671
-1.000000 -0.833333 -0.800000 0.1667547015
-0.857143 -0.833333 -0.800000 0.1431115554
-0.714286 -0.833333 -0.800000 0.1196720973
-0.571429 -0.833333 -0.800000 0.0965400347
-0.428571 -0.833333 -0.800000 0.0737340393
-0.285714 -0.833333 -0.800000 0.0510865928
-0.142857 -0.833333 -0.800000 0.0282392813
0.000000 -0.833333 -0.800000 0.0048065401
0.142857 -0.833333 -0.800000 -0.0193797663
0.285714 -0.833333 -0.800000 -0.0441515025
0.428571 -0.833333 -0.800000 -0.0691231036
0.571429 -0.833333 -0.800000 -0.0939361558
0.714286 -0.833333 -0.800000 -0.1184231408
0.857143 -0.833333 -0.800000 -0.1426027303
1.000000 -0.833333 -0.800000 -0.1665786318
-1.000000 -0.666667 -0.800000 0.1335726369
-0.857143 -0.666667 -0.800000 0.1149772794
-0.714286 -0.666667 -0.800000 0.0969356030
-0.571429 -0.666667 -0.800000 0.0797295146
-0.428571 -0.666667 -0.800000 0.0634097685
-0.285714 -0.666667 -0.800000 0.0475210030
-0.142857 -0.666667 -0.800000 0.0310889484
0.000000 -0.666667 -0.800000 0.0130655305
0.142857 -0.666667 -0.800000 -0.0070062897
0.285714 -0.666667 -0.800000 -0.0286694732
0.428571 -0.666667 -0.800000 -0.0508759458
0.571429 -0.666667 -0.800000 -0.0726514378
0.714286 -0.666667 -0.800000 -0.0935405874
0.857143 -0.666667 -0.800000 -0.1135941492
1.000000 -0.666667 -0.800000 -0.1330940298
-1.000000 -0.500000 -0.800000 0.1005208752
-0.857143 -0.500000 -0.800000 0.0872195670
-0.714286 -0.500000 -0.800000 0.0751234177
-0.571429 -0.500000 -0.800000 0.0648460341
-0.428571 -0.500000 -0.800000 0.0564978897
-0.285714 -0.500000 -0.800000 0.0490878306
-0.142857 -0.500000 -0.800000 0.0404952323
0.000000 -0.500000 -0.800000 0.0284388247
0.142857 -0.500000 -0.800000 0.0119238037
0.285714 -0.500000 -0.800000 -0.0080550265
0.428571 -0.500000 -0.800000 -0.0292163961
0.571429 -0.500000 -0.800000 -0.0494396802
0.714286 -0.500000 -0.800000 -0.0677337251
0.857143 -0.500000 -0.800000 -0.0842090044
1.000000 -0.500000 -0.800000 -0.0994791248
-1.000000 -0.333333 -0.800000 0.0675745048
-0.857143 -0.333333 -0.800000 0.0597664254
-0.714286 -0.333333 -0.800000 0.0540588285
-0.571429 -0.333333 -0.800000 0.0515211745
-0.428571 -0.333333 -0.800000 0.0523460089
-0.285714 -0.333333 -0.800000 0.0548058408
-0.142857 -0.333333 -0.800000 0.0552046142
0.000000 -0.333333 -0.800000 0.0495662835
0.142857 -0.333333 -0.800000 0.0361569952
0.285714 -0.333333 -0.800000 0.0167106027
0.428571 -0.333333 -0.800000 -0.0047968482
0.571429 -0.333333 -0.800000 -0.0246693017
0.714286 -0.333333 -0.800000 -0.0411792668
0.857143 -0.333333 -0.800000 -0.0545192889
1.000000 -0.333333 -0.800000 -0.0657588285
-1.000000 -0.166667 -0.800000 0.0346003235
-0.857143 -0.166667 -0.800000 0.0322329130
-0.714286 -0.166667 -0.800000 0.0327969620
-0.571429 -0.166667 -0.800000 0.0377850227
-0.428571 -0.166667 -0.800000 0.0474658140
-0.285714 -0.166667 -0.800000 0.0594284281
-0.142857 -0.166667 -0.800000 0.0685146034
0.000000 -0.166667 -0.800000 0.0691753211
0.142857 -0.166667 -0.800000 0.0589907939
0.285714 -0.166667 -0.800000 0.0403808091
0.428571 -0.166667 -0.800000 0.0188943854
0.571429 -0.166667 -0.800000 -0.0003102154
0.714286 -0.166667 -0.800000 -0.0148220857
0.857143 -0.166667 -0.800000 -0.0249099441
1.000000 -0.166667 -0.800000 -0.0320663431
-1.000000 0.000000 -0.800000 0.0014158857
-0.857143 0.000000 -0.800000 0.0040917787
-0.714286 0.000000 -0.800000 0.0100436335
-0.571429 0.000000 -0.800000 0.0209394058
-0.428571 0.000000 -0.800000 0.0370793941
-0.285714 0.000000 -0.800000 0.0557693629
-0.142857 0.000000 -0.800000 0.0712448564
0.000000 0.000000 -0.800000 0.0773047404
0.142857 0.000000 -0.800000 0.0712448564
0.285714 0.000000 -0.800000 0.0557693629
0.428571 0.000000 -0.800000 0.0370793941
0.571429 0.000000 -0.800000 0.0209394058
0.714286 0.000000 -0.800000 0.0100436335
0.857143 0.000000 -0.800000 0.0040917787
1.000000 0.000000 -0.800000 0.0014158857
-1.000000 0.166667 -0.800000 -0.0320663431
-0.857143 0.166667 -0.800000 -0.0249099441
-0.714286 0.166667 -0.800000 -0.0148220857
-0.571429 0.166667 -0.800000 -0.0003102154
-0.428571 0.166667 -0.800000 0.0188943854
-0.285714 0.166667 -0.800000 0.0403808091
-0.142857 0.166667 -0.800000 0.0589907939
0.000000 0.166667 -0.800000 0.0691753211
0.142857 0.166667 -0.800000 0.0685146034
0.285714 0.166667 -0.800000 0.0594284281
0.428571 0.166667 -0.800000 0.0474658140
0.571429 0.166667 -0.800000 0.0377850227
0.714286 0.166667 -0.800000 0.0327969620
0.857143 0.166667 -0.800000 0.0322329130
1.000000 0.166667 -0.800000 0.0346003235
-1.000000 0.333333 -0.800000 -0.0657588285
-0.857143 0.333333 -0.800000 -0.0545192889
-0.714286 0.333333 -0.800000 -0.0411792668
-0.571429 0.333333 -0.800000 -0.0246693017
-0.428571 0.333333 -0.800000 -0.0047968482
-0.285714 0.333333 -0.800000 0.0167106027
-0.142857 0.333333 -0.800000 0.0361569952
0.000000 0.333333 -0.800000 0.0495662835
0.142857 0.333333 -0.800000 0.0552046142
0.285714 0.333333 -0.800000 0.0548058408
0.428571 0.333333 -0.800000 0.0523460089
0.571429 0.333333 -0.800000 0.0515211745
0.714286 0.333333 -0.800000 0.0540588285
0.857143 0.333333 -0.800000 0.0597664254
1.000000 0.333333 -0.800000 0.0675745048
-1.000000 0.500000 -0.800000 -0.0994791248
-0.857143 0.500000 -0.800000 -0.0842090044
-0.714286 0.500000 -0.800000 -0.0677337251
-0.571429 0.500000 -0.800000 -0.0494396802
-0.428571 0.500000 -0.800000 -0.0292163961
-0.285714 0.500000 -0.800000 -0.0080550265
-0.142857 0.500000 -0.800000 0.0119238037
0.000000 0.500000 -0.800000 0.0284388247
0.142857 0.500000 -0.800000 0.0404952323
0.285714 0.500000 -0.800000 0.0490878306
0.428571 0.500000 -0.800000 0.0564978897
0.571429 0.500000 -0.800000 0.0648460341
0.714286 0.500000 -0.800000 0.0751234177
0.857143 0.500000 -0.800000 0.0872195670
1.000000 0.500000 -0.800000 0.1005208752
-1.000000 0.666667 -0.800000 -0.1330940298
-0.857143 0.666667 -0.800000 -0.1135941492
-0.714286 0.666667 -0.800000 -0.0935405874
-0.571429 0.666667 -0.800000 -0.0726514378
-0.428571 0.666667 -0.800000 -0.0508759458
-0.285714 0.666667 -0.800000 -0.0286694732
-0.142857 0.666667 -0.800000 -0.0070062897
0.000000 0.666667 -0.800000 0.0130655305
0.142857 0.666667 -0.800000 0.0310889484
0.285714 0.666667 -0.800000 0.0475210030
0.428571 0.666667 -0.800000 0.0634097685
0.571429 0.666667 -0.800000 0.0797295146
0.714286 0.666667 -0.800000 0.0969356030
0.857143 0.666667 -0.800000 0.1149772794
1.000000 0.666667 -0.800000 0.1335726369
-1.000000 0.833333 -0.800000 -0.1665786318
-0.857143 0.833333 -0.800000 -0.1426027303
-0.714286 0.833333 -0.800000 -0.1184231408
-0.571429 0.833333 -0.800000 -0.0939361558
-0.428571 0.833333 -0.800000 -0.0691231036
-0.285714 0.833333 -0.800000 -0.0441515025
-0.142857 0.833333 -0.800000 -0.0193797663
0.000000 0.833333 -0.800000 0.0048065401
0.142857 0.833333 -0.800000 0.0282392813
0.285714 0.833333 -0.800000 0.0510865928
0.428571 0.833333 -0.800000 0.0737340393
0.571429 0.833333 -0.800000 0.0965400347
0.714286 0.833333 -0.800000 0.1196720973
0.857143 0.833333 -0.800000 0.1431115554
1.000000 0.833333 -0.800000 0.1667547015
-1.000000 1.000000 -0.800000 -0.1999740671
-0.857143 1.000000 -0.800000 -0.1713536279
-0.714286 1.000000 -0.800000 -0.1426731873
-0.571429 1.000000 -0.800000 -0.1139021957
-0.428571 1.000000 -0.800000 -0.0850351529
-0.285714 1.000000 -0.800000 -0.0561214056
-0.142857 1.000000 -0.800000 -0.0272665335
0.000000 1.000000 -0.800000 0.0014158857
0.142857 1.000000 -0.800000 0.0298763236
0.285714 1.000000 -0.800000 0.0581643087
0.428571 1.000000 -0.800000 0.0863934185
0.571429 1.000000 -0.800000 0.1146692329
0.714286 1.000000 -0.800000 0.1430410984
0.857143 1.000000 -0.800000 0.1715035150
1.000000 1.000000 -0.800000 0.2000259329
-1.000000 -1.000000 -0.600000 0.2000794804
-0.857143 -1.000000 -0.600000 0.1716582625
-0.714286 -1.000000 -0.600000 0.1434209398
-0.571429 -1.000000 -0.600000 0.1154611429
-0.428571 -1.000000 -0.600000 0.0877957287
-0.285714 -1.000000 -0.600000 0.0602734571
-0.142857 -1.000000 -0.600000 0.0325707417
0.000000 -1.000000 -0.600000 0.0043394833
0.142857 -1.000000 -0.600000 -0.0245721155
0.285714 -1.000000 -0.600000 -0.0540122572
0.428571 -1.000000 -0.600000 -0.0836328427
0.571429 -1.000000 -0.600000 -0.1131102857
0.714286 -1.000000 -0.600000 -0.1422933459
0.857143 -1.000000 -0.600000 -0.1711988804
1.000000 -1.000000 -0.600000 -0.1999205196
-1.000000 -0.833333 -0.600000 0.1669364807
-0.857143 -0.833333 -0.600000 0.1436368803
-0.714286 -0.833333 -0.600000 0.1209615537
-0.571429 -0.833333 -0.600000 0.0992283499
-0.428571 -0.833333 -0.600000 0.0784944942
-0.285714 -0.833333 -0.600000 0.0582465679
-0.142857 -0.833333 -0.600000 0.0373860848
0.000000 -0.833333 -0.600000 0.0147313445
0.142857 -0.833333 -0.600000 -0.0102329628
0.285714 -0.833333 -0.600000 -0.0369915273
0.428571 -0.833333 -0.600000 -0.0643626486
0.571429 -0.833333 -0.600000 -0.0912478406
0.714286 -0.833333 -0.600000 -0.1171336843
0.857143 -0.833333 -0.600000 -0.1420774054
1.000000 -0.833333 -0.600000 -0.1663968527
-1.000000 -0.666667 -0.600000 0.1340667638
-0.857143 -0.666667 -0.600000 0.1164052604
-0.714286 -0.666667 -0.600000 0.1004407092
-0.571429 -0.666667 -0.600000 0.0870371129
-0.428571 -0.666667 -0.600000 0.0763500267
-0.285714 -0.666667 -0.600000 0.0669838333
-0.142857 -0.666667 -0.600000 0.0559525380
0.000000 -0.666667 -0.600000 0.0400439460
0.142857 -0.666667 -0.600000 0.0178572999
0.285714 -0.666667 -0.600000 -0.0092066429
0.428571 -0.666667 -0.600000 -0.0379356876
0.571429 -0.666667 -0.600000 -0.0653438395
0.714286 -0.666667 -0.600000 -0.0900354813
0.857143 -0.666667 -0.600000 -0.1121661681
1.000000 -0.666667 -0.600000 -0.1325999029
-1.000000 -0.500000 -0.600000 0.1015964067
-0.857143 -0.500000 -0.600000 0.0903277533
-0.714286 -0.500000 -0.600000 0.0827527366
-0.571429 -0.500000 -0.600000 0.0807519713
-0.428571 -0.500000 -0.600000 0.0846640430
-0.285714 -0.500000 -0.600000 0.0914512097
-0.142857 -0.500000 -0.600000 0.0946140656
0.000000 -0.500000 -0.600000 0.0871608515
0.142857 -0.500000 -0.600000 0.0660426370
0.285714 -0.500000 -0.600000 0.0343083525
0.428571 -0.500000 -0.600000 -0.0010502427
0.571429 -0.500000 -0.600000 -0.0335337430
0.714286 -0.500000 -0.600000 -0.0601044063
0.857143 -0.500000 -0.600000 -0.0811008181
1.000000 -0.500000 -0.600000 -0.0984035933
-1.000000 -0.333333 -0.600000 0.0694490582
-0.857143 -0.333333 -0.600000 0.0651837114
-0.714286 -0.333333 -0.600000 0.0673560370
-0.571429 -0.333333 -0.600000 0.0792437756
-0.428571 -0.333333 -0.600000 0.1014370511
-0.285714 -0.333333 -0.600000 0.1286413553
-0.142857 -0.333333 -0.600000 0.1495288159
0.000000 -0.333333 -0.600000 0.1519134323
0.142857 -0.333333 -0.600000 0.1304811968
0.285714 -0.333333 -0.600000 0.0905461172
0.428571 -0.333333 -0.600000 0.0442941939
0.571429 -0.333333 -0.600000 0.0030532994
0.714286 -0.333333 -0.600000 -0.0278820583
0.857143 -0.333333 -0.600000 -0.0491020029
1.000000 -0.333333 -0.600000 -0.0638842751
-1.000000 -0.166667 -0.600000 0.0372164736
-0.857143 -0.166667 -0.600000 0.0397933446
-0.714286 -0.166667 -0.600000 0.0513547114
-0.571429 -0.166667 -0.600000 0.0764750292
-0.428571 -0.166667 -0.600000 0.1159778824
-0.285714 -0.166667 -0.600000 0.1624741896
-0.142857 -0.166667 -0.600000 0.2001546312
0.000000 -0.166667 -0.600000 0.2120122737
0.142857 -0.166667 -0.600000 0.1906308216
0.285714 -0.166667 -0.600000 0.1434265706
0.428571 -0.166667 -0.600000 0.0874064538
0.571429 -0.166667 -0.600000 0.0383797911
0.714286 -0.166667 -0.600000 0.0037356638
0.857143 -0.166667 -0.600000 -0.0173495125
1.000000 -0.166667 -0.600000 -0.0294501931
-1.000000 0.000000 -0.600000 0.0043394833
-0.857143 0.000000 -0.600000 0.0125407052
-0.714286 0.000000 -0.600000 0.0307822724
-0.571429 0.000000 -0.600000 0.0641762260
-0.428571 0.000000 -0.600000 0.1136429370
-0.285714 0.000000 -0.600000 0.1709249663
-0.142857 0.000000 -0.600000 0.2183550977
0.000000 0.000000 -0.600000 0.2369277587
0.142857 0.000000 -0.600000 0.2183550977
0.285714 0.000000 -0.600000 0.1709249663
0.428571 0.000000 -0.600000 0.1136429370
0.571429 0.000000 -0.600000 0.0641762260
0.714286 0.000000 -0.600000 0.0307822724
0.857143 0.000000 -0.600000 0.0125407052
1.000000 0.000000 -0.600000 0.0043394833
-1.000000 0.166667 -0.600000 -0.0294501931
-0.857143 0.166667 -0.600000 -0.0173495125
-0.714286 0.166667 -0.600000 0.0037356638
-0.571429 0.166667 -0.600000 0.0383797911
-0.428571 0.166667 -0.600000 0.0874064538
-0.285714 0.166667 -0.600000 0.1434265706
-0.142857 0.166667 -0.600000 0.1906308216
0.000000 0.166667 -0.600000 0.2120122737
0.142857 0.166667 -0.600000 0.2001546312
0.285714 0.166667 -0.600000 0.1624741896
0.428571 0.166667 -0.600000 0.1159778824
0.571429 0.166667 -0.600000 0.0764750292
0.714286 0.166667 -0.600000 0.0513547114
0.857143 0.166667 -0.600000 0.0397933446
1.000000 0.166667 -0.600000 0.0372164736
-1.000000 0.333333 -0.600000 -0.0638842751
-0.857143 0.333333 -0.600000 -0.0491020029
-0.714286 0.333333 -0.600000 -0.0278820583
-0.571429 0.333333 -0.600000 0.0030532994
-0.428571 0.333333 -0.600000 0.0442941939
-0.285714 0.333333 -0.600000 0.0905461172
-0.142857 0.333333 -0.600000 0.1304811968
0.000000 0.333333 -0.600000 0.1519134323
0.142857 0.333333 -0.600000 0.1495288159
0.285714 0.333333 -0.600000 0.1286413553
0.428571 0.333333 -0.600000 0.1014370511
0.571429 0.333333 -0.600000 0.0792437756
0.714286 0.333333 -0.600000 0.0673560370
0.857143 0.333333 -0.600000 0.0651837114
1.000000 0.333333 -0.600000 0.0694490582
-1.000000 0.500000 -0.600000 -0.0984035933
-0.857143 0.500000 -0.600000 -0.0811008181
-0.714286 0.500000 -0.600000 -0.0601044063
-0.571429 0.500000 -0.600000 -0.0335337430
-0.428571 0.500000 -0.600000 -0.0010502427
-0.285714 0.500000 -0.600000 0.0343083525
-0.142857 0.500000 -0.600000 0.0660426370
0.000000 0.500000 -0.600000 0.0871608515
0.142857 0.500000 -0.600000 0.0946140656
0.285714 0.500000 -0.600000 0.0914512097
0.428571 0.500000 -0.600000 0.0846640430
0.571429 0.500000 -0.600000 0.0807519713
0.714286 0.500000 -0.600000 0.0827527366
0.857143 0.500000 -0.600000 0.0903277533
1.000000 0.500000 -0.600000 0.1015964067
-1.000000 0.666667 -0.600000 -0.1325999029
-0.857143 0.666667 -0.600000 -0.1121661681
-0.714286 0.666667 -0.600000 -0.0900354813
-0.571429 0.666667 -0.600000 -0.0653438395
-0.428571 0.666667 -0.600000 -0.0379356876
-0.285714 0.666667 -0.600000 -0.0092066429
-0.142857 0.666667 -0.600000 0.0178572999
0.000000 0.666667 -0.600000 0.0400439460
0.142857 0.666667 -0.600000 0.0559525380
0.285714 0.666667 -0.600000 0.0669838333
0.428571 0.666667 -0.600000 0.0763500267
0.571429 0.666667 -0.600000 0.0870371129
0.714286 0.666667 -0.600000 0.1004407092
0.857143 0.666667 -0.600000 0.1164052604
1.000000 0.666667 -0.600000 0.1340667638
-1.000000 0.833333 -0.600000 -0.1663968527
-0.857143 0.833333 -0.600000 -0.1420774054
-0.714286 0.833333 -0.600000 -0.1171336843
-0.571429 0.833333 -0.600000 -0.0912478406
-0.428571 0.833333 -0.600000 -0.0643626486
-0.285714 0.833333 -0.600000 -0.0369915273
-0.142857 0.833333 -0.600000 -0.0102329628
0.000000 0.833333 -0.600000 0.0147313445
0.142857 0.833333 -0.600000 0.0373860848
0.285714 0.833333 -0.600000 0.0582465679
0.428571 0.833333 -0.600000 0.0784944942
0.571429 0.833333 -0.600000 0.0992283499
0.714286 0.833333 -0.600000 0.1209615537
0.857143 0.833333 -0.600000 0.1436368803
1.000000 0.833333 -0.600000 0.1669364807
-1.000000 1.000000 -0.600000 -0.1999205196
-0.857143 1.000000 -0.600000 -0.1711988804
-0.714286 1.000000 -0.600000 -0.1422933459
-0.571429 1.000000 -0.600000 -0.1131102857
-0.428571 1.000000 -0.600000 -0.0836328427
-0.285714 1.000000 -0.600000 -0.0540122572
-0.142857 1.000000 -0.600000 -0.0245721155
0.000000 1.000000 -0.600000 0.0043394833
0.142857 1.000000 -0.600000 0.0325707417
0.285714 1.000000 -0.600000 0.0602734571
0.428571 1.000000 -0.600000 0.0877957287
0.571429 1.000000 -0.600000 0.1154611429
0.714286 1.000000 -0.600000 0.1434209398
0.857143 1.000000 -0.600000 0.1716582625
1.000000 1.000000 -0.600000 0.2000794804
-1.000000 -1.000000 -0.400000 0.2001768869
-0.857143 -1.000000 -0.400000 0.1719397582
-0.714286 -1.000000 -0.400000 0.1441118961
-0.571429 -1.000000 -0.400000 0.1169016787
-0.428571 -1.000000 -0.400000 0.0903466223
-0.285714 -1.000000 -0.400000 0.0641101355
-0.142857 -1.000000 -0.400000 0.0374720636
0.000000 -1.000000 -0.400000 0.0096576976
0.142857 -1.000000 -0.400000 -0.0196707935
0.285714 -1.000000 -0.400000 -0.0501755788
0.428571 -1.000000 -0.400000 -0.0810819491
0.571429 -1.000000 -0.400000 -0.1116697499
0.714286 -1.000000 -0.400000 -0.1416023896
0.857143 -1.000000 -0.400000 -0.1709173846
1.000000 -1.000000 -0.400000 -0.1998231131
-1.000000 -0.833333 -0.400000 0.1672671487
-0.857143 -0.833333 -0.400000 0.1445924805
-0.714286 -0.833333 -0.400000 0.1233071591
-0.571429 -0.833333 -0.400000 0.1041185703
-0.428571 -0.833333 -0.400000 0.0871540718
-0.285714 -0.833333 -0.400000 0.0712710290
-0.142857 -0.833333 -0.400000 0.0540247159
0.000000 -0.833333 -0.400000 0.0327852101
0.142857 -0.833333 -0.400000 0.0064056683
0.285714 -0.833333 -0.400000 -0.0239670663
0.428571 -0.833333 -0.400000 -0.0557030710
0.571429 -0.833333 -0.400000 -0.0863576202
0.714286 -0.833333 -0.400000 -0.1147880790
0.857143 -0.833333 -0.400000 -0.1411218052
1.000000 -0.833333 -0.400000 -0.1660661846
-1.000000 -0.666667 -0.400000 0.1349656128
-0.857143 -0.666667 -0.400000 0.1190028510
-0.714286 -0.666667 -0.400000 0.1068167254
-0.571429 -0.666667 -0.400000 0.1003301101
-0.428571 -0.666667 -0.400000 0.0998891991
-0.285714 -0.666667 -0.400000 0.1023879892
-0.142857 -0.666667 -0.400000 0.1011810267
0.000000 -0.666667 -0.400000 0.0891194408
0.142857 -0.666667 -0.400000 0.0630857886
0.285714 -0.666667 -0.400000 0.0261975130
0.428571 -0.666667 -0.400000 -0.0143965152
0.571429 -0.666667 -0.400000 -0.0520508422
0.714286 -0.666667 -0.400000 -0.0836594650
0.857143 -0.666667 -0.400000 -0.1095685776
1.000000 -0.666667 -0.400000 -0.1317010538
-1.000000 -0.500000 -0.400000 0.1035528684
-0.857143 -0.500000 -0.400000 0.0959817467
-0.714286 -0.500000 -0.400000 0.0966309645
-0.571429 -0.500000 -0.400000 0.1096859070
-0.428571 -0.500000 -0.400000 0.1359001102
-0.285714 -0.500000 -0.400000 0.1685129550
-0.142857 -0.500000 -0.400000 0.1930597478
0.000000 -0.500000 -0.400000 0.1939800423
0.142857 -0.500000 -0.400000 0.1644883193
0.285714 -0.500000 -0.400000 0.1113700978
0.428571 -0.500000 -0.400000 0.0501858245
0.571429 -0.500000 -0.400000 -0.0045998073
0.714286 -0.500000 -0.400000 -0.0462261784
0.857143 -0.500000 -0.400000 -0.0754468247
1.000000 -0.500000 -0.400000 -0.0964471316
-1.000000 -0.333333 -0.400000 0.0728589930
-0.857143 -0.333333 -0.400000 0.0750381073
-0.714286 -0.333333 -0.400000 0.0915445253
-0.571429 -0.333333 -0.400000 0.1296729924
-0.428571 -0.333333 -0.400000 0.1907368537
-0.285714 -0.333333 -0.400000 0.2629529647
-0.142857 -0.333333 -0.400000 0.3211106813
0.000000 -0.333333 -0.400000 0.3380895613
0.142857 -0.333333 -0.400000 0.3020630623
0.285714 -0.333333 -0.400000 0.2248577266
0.428571 -0.333333 -0.400000 0.1335939966
0.571429 -0.333333 -0.400000 0.0534825162
0.714286 -0.333333 -0.400000 -0.0036935700
0.857143 -0.333333 -0.400000 -0.0392476070
1.000000 -0.333333 -0.400000 -0.0604743404
-1.000000 -0.166667 -0.400000 0.0419754209
-0.857143 -0.166667 -0.400000 0.0535462621
-0.714286 -0.166667 -0.400000 0.0851124662
-0.571429 -0.166667 -0.400000 0.1468546709
-0.428571 -0.166667 -0.400000 0.2406057965
-0.285714 -0.166667 -0.400000 0.3499211404
-0.142857 -0.166667 -0.400000 0.4396164145
0.000000 -0.166667 -0.400000 0.4718419925
0.142857 -0.166667 -0.400000 0.4300926050
0.285714 -0.166667 -0.400000 0.3308735214
0.428571 -0.166667 -0.400000 0.2120343679
0.571429 -0.166667 -0.400000 0.1087594328
0.714286 -0.166667 -0.400000 0.0374934186
0.857143 -0.166667 -0.400000 -0.0035965951
1.000000 -0.166667 -0.400000 -0.0246912458
-1.000000 0.000000 -0.400000 0.0096576976
-0.857143 0.000000 -0.400000 0.0279098527
-0.714286 0.000000 -0.400000 0.0685072071
-0.571429 0.000000 -0.400000 0.1428268175
-0.428571 0.000000 -0.400000 0.2529170075
-0.285714 0.000000 -0.400000 0.3804005082
-0.142857 0.000000 -0.400000 0.4859582068
0.000000 0.000000 -0.400000 0.5272924240
0.142857 0.000000 -0.400000 0.4859582068
0.285714 0.000000 -0.400000 0.3804005082
0.428571 0.000000 -0.400000 0.2529170075
0.571429 0.000000 -0.400000 0.1428268175
0.714286 0.000000 -0.400000 0.0685072071
0.857143 0.000000 -0.400000 0.0279098527
1.000000 0.000000 -0.400000 0.0096576976
-1.000000 0.166667 -0.400000 -0.0246912458
-0.857143 0.166667 -0.400000 -0.0035965951
-0.714286 0.166667 -0.400000 0.0374934186
-0.571429 0.166667 -0.400000 0.1087594328
-0.428571 0.166667 -0.400000 0.2120343679
-0.285714 0.166667 -0.400000 0.3308735214
-0.142857 0.166667 -0.400000 0.4300926050
0.000000 0.166667 -0.400000 0.4718419925
0.142857 0.166667 -0.400000 0.4396164145
0.285714 0.166667 -0.400000 0.3499211404
0.428571 0.166667 -0.400000 0.2406057965
0.571429 0.166667 -0.400000 0.1468546709
0.714286 0.166667 -0.400000 0.0851124662
0.857143 0.166667 -0.400000 0.0535462621
1.000000 0.166667 -0.400000 0.0419754209
-1.000000 0.333333 -0.400000 -0.0604743404
-0.857143 0.333333 -0.400000 -0.0392476070
-0.714286 0.333333 -0.400000 -0.0036935700
-0.571429 0.333333 -0.400000 0.0534825162
-0.428571 0.333333 -0.400000 0.1335939966
-0.285714 0.333333 -0.400000 0.2248577266
-0.142857 0.333333 -0.400000 0.3020630623
0.000000 0.333333 -0.400000 0.3380895613
0.142857 0.333333 -0.400000 0.3211106813
0.285714 0.333333 -0.400000 0.2629529647
0.428571 0.333333 -0.400000 0.1907368537
0.571429 0.333333 -0.400000 0.1296729924
0.714286 0.333333 -0.400000 0.0915445253
0.857143 0.333333 -0.400000 0.0750381073
1.000000 0.333333 -0.400000 0.0728589930
-1.000000 0.500000 -0.400000 -0.0964471316
-0.857143 0.500000 -0.400000 -0.0754468247
-0.714286 0.500000 -0.400000 -0.0462261784
-0.571429 0.500000 -0.400000 -0.0045998073
-0.428571 0.500000 -0.400000 0.0501858245
-0.285714 0.500000 -0.400000 0.1113700978
-0.142857 0.500000 -0.400000 0.1644883193
0.000000 0.500000 -0.400000 0.1939800423
0.142857 0.500000 -0.400000 0.1930597478
0.285714 0.500000 -0.400000 0.1685129550
0.428571 0.500000 -0.400000 0.1359001102
0.571429 0.500000 -0.400000 0.1096859070
0.714286 0.500000 -0.400000 0.0966309645
0.857143 0.500000 -0.400000 0.0959817467
1.000000 0.500000 -0.400000 0.1035528684
-1.000000 0.666667 -0.400000 -0.1317010538
-0.857143 0.666667 -0.400000 -0.1095685776
-0.714286 0.666667 -0.400000 -0.0836594650
-0.571429 0.666667 -0.400000 -0.0520508422
-0.428571 0.666667 -0.400000 -0.0143965152
-0.285714 0.666667 -0.400000 0.0261975130
-0.142857 0.666667 -0.400000 0.0630857886
0.000000 0.666667 -0.400000 0.0891194408
0.142857 0.666667 -0.400000 0.1011810267
0.285714 0.666667 -0.400000 0.1023879892
0.428571 0.666667 -0.400000 0.0998891991
0.571429 0.666667 -0.400000 0.1003301101
0.714286 0.666667 -0.400000 0.1068167254
0.857143 0.666667 -0.400000 0.1190028510
1.000000 0.666667 -0.400000 0.1349656128
-1.000000 0.833333 -0.400000 -0.1660661846
-0.857143 0.833333 -0.400000 -0.1411218052
-0.714286 0.833333 -0.400000 -0.1147880790
-0.571429 0.833333 -0.400000 -0.0863576202
-0.428571 0.833333 -0.400000 -0.0557030710
-0.285714 0.833333 -0.400000 -0.0239670663
-0.142857 0.833333 -0.400000 0.0064056683
0.000000 0.833333 -0.400000 0.0327852101
0.142857 0.833333 -0.400000 0.0540247159
0.285714 0.833333 -0.400000 0.0712710290
0.428571 0.833333 -0.400000 0.0871540718
0.571429 0.833333 -0.400000 0.1041185703
0.714286 0.833333 -0.400000 0.1233071591
0.857143 0.833333 -0.400000 0.1445924805
1.000000 0.833333 -0.400000 0.1672671487
-1.000000 1.000000 -0.400000 -0.1998231131
-0.857143 1.000000 -0.400000 -0.1709173846
-0.714286 1.000000 -0.400000 -0.1416023896
-0.571429 1.000000 -0.400000 -0.1116697499
-0.428571 1.000000 -0.400000 -0.0810819491
-0.285714 1.000000 -0.400000 -0.0501755788
-0.142857 1.000000 -0.400000 -0.0196707935
0.000000 1.000000 -0.400000 0.0096576976
0.142857 1.000000 -0.400000 0.0374720636
0.285714 1.000000 -0.400000 0.0641101355
0.428571 1.000000 -0.400000 0.0903466223
0.571429 1.000000 -0.400000 0.1169016787
0.714286 1.000000 -0.400000 0.1441118961
0.857143 1.000000 -0.400000 0.1719397582
1.000000 1.000000 -0.400000 0.2001768869
-1.000000 -1.000000 -0.200000 0.2002858624
-0.857143 -1.000000 -0.200000 0.1722546873
-0.714286 -1.000000 -0.200000 0.1448849175
-0.571429 -1.000000 -0.200000 0.1185133074
-0.428571 -1.000000 -0.200000 0.0932004863
-0.285714 -1.000000 -0.200000 0.0684024973
-0.142857 -1.000000 -0.200000 0.0429555170
0.000000 -1.000000 -0.200000 0.0156075579
0.142857 -1.000000 -0.200000 -0.0141873401
0.285714 -1.000000 -0.200000 -0.0458832170
0.428571 -1.000000 -0.200000 -0.0782280851
0.571429 -1.000000 -0.200000 -0.1100581212
0.714286 -1.000000 -0.200000 -0.1408293682
0.857143 -1.000000 -0.200000 -0.1706024556
1.000000 -1.000000 -0.200000 -0.1997141376
-1.000000 -0.833333 -0.200000 0.1676370904
-0.857143 -0.833333 -0.200000 0.1456615776
-0.714286 -0.833333 -0.200000 0.1259313526
-0.571429 -0.833333 -0.200000 0.1095896036
-0.428571 -0.833333 -0.200000 0.0968421501
-0.285714 -0.833333 -0.200000 0.0858424092
-0.142857 -0.833333 -0.200000 0.0726395223
0.000000 -0.833333 -0.200000 0.0529833388
0.142857 -0.833333 -0.200000 0.0250204747
0.285714 -0.833333 -0.200000 -0.0093956860
0.428571 -0.833333 -0.200000 -0.0460149928
0.571429 -0.833333 -0.200000 -0.0808865868
0.714286 -0.833333 -0.200000 -0.1121638855
0.857143 -0.833333 -0.200000 -0.1400527081
1.000000 -0.833333 -0.200000 -0.1656962430
-1.000000 -0.666667 -0.200000 0.1359712184
-0.857143 -0.666667 -0.200000 0.1219089582
-0.714286 -0.666667 -0.200000 0.1139500231
-0.571429 -0.666667 -0.200000 0.1152019207
-0.428571 -0.666667 -0.200000 0.1262241262
-0.285714 -0.666667 -0.200000 0.1419971074
-0.142857 -0.666667 -0.200000 0.1517813168
0.000000 -0.666667 -0.200000 0.1440236470
0.142857 -0.666667 -0.200000 0.1136860787
0.285714 -0.666667 -0.200000 0.0658066312
0.428571 -0.666667 -0.200000 0.0119384119
0.571429 -0.666667 -0.200000 -0.0371790317
0.714286 -0.666667 -0.200000 -0.0765261674
0.857143 -0.666667 -0.200000 -0.1066624704
1.000000 -0.666667 -0.200000 -0.1306954482
-1.000000 -0.500000 -0.200000 0.1057416997
-0.857143 -0.500000 -0.200000 0.1023072666
-0.714286 -0.500000 -0.200000 0.1121575137
-0.571429 -0.500000 -0.200000 0.1420563350
-0.428571 -0.500000 -0.200000 0.1932215008
-0.285714 -0.500000 -0.200000 0.2547273472
-0.142857 -0.500000 -0.200000 0.3031978537
0.000000 -0.500000 -0.200000 0.3134861809
0.142857 -0.500000 -0.200000 0.2746264251
0.285714 -0.500000 -0.200000 0.1975844900
0.428571 -0.500000 -0.200000 0.1075072151
0.571429 -0.500000 -0.200000 0.0277706207
0.714286 -0.500000 -0.200000 -0.0306996291
0.857143 -0.500000 -0.200000 -0.0691213048
1.000000 -0.500000 -0.200000 -0.0942583003
-1.000000 -0.333333 -0.200000 0.0766739267
-0.857143 -0.333333 -0.200000 0.0860629129
-0.714286 -0.333333 -0.200000 0.1186058876
-0.571429 -0.333333 -0.200000 0.1860917027
-0.428571 -0.333333 -0.200000 0.2906428210
-0.285714 -0.333333 -0.200000 0.4132168047
-0.142857 -0.333333 -0.200000 0.5130713771
0.000000 -0.333333 -0.200000 0.5463778856
0.142857 -0.333333 -0.200000 0.4940237580
0.285714 -0.333333 -0.200000 0.3751215666
0.428571 -0.333333 -0.200000 0.2334999639
0.571429 -0.333333 -0.200000 0.1099012265
0.714286 -0.333333 -0.200000 0.0233677924
0.857143 -0.333333 -0.200000 -0.0282228014
1.000000 -0.333333 -0.200000 -0.0566594066
-1.000000 -0.166667 -0.200000 0.0472995898
-0.857143 -0.166667 -0.200000 0.0689326177
-0.714286 -0.166667 -0.200000 0.1228796398
-0.571429 -0.166667 -0.200000 0.2255933239
-0.428571 -0.166667 -0.200000 0.3800358059
-0.285714 -0.166667 -0.200000 0.5596312226
-0.142857 -0.166667 -0.200000 0.7075191467
0.000000 -0.166667 -0.200000 0.7625317659
0.142857 -0.166667 -0.200000 0.6979953371
0.285714 -0.166667 -0.200000 0.5405836035
0.428571 -0.166667 -0.200000 0.3514643773
0.571429 -0.166667 -0.200000 0.1874980858
0.714286 -0.166667 -0.200000 0.0752605921
0.857143 -0.166667 -0.200000 0.0117897605
1.000000 -0.166667 -0.200000 -0.0193670769
-1.000000 0.000000 -0.200000 0.0156075579
-0.857143 0.000000 -0.200000 0.0451043985
-0.714286 0.000000 -0.200000 0.1107127437
-0.571429 0.000000 -0.200000 0.2308187637
-0.428571 0.000000 -0.200000 0.4087327017
-0.285714 0.000000 -0.200000 0.6147555239
-0.142857 0.000000 -0.200000 0.7853446185
0.000000 0.000000 -0.200000 0.8521437890
0.142857 0.000000 -0.200000 0.7853446185
0.285714 0.000000 -0.200000 0.6147555239
0.428571 0.000000 -0.200000 0.4087327017
0.571429 0.000000 -0.200000 0.2308187637
0.714286 0.000000 -0.200000 0.1107127437
0.857143 0.000000 -0.200000 0.0451043985
1.000000 0.000000 -0.200000 0.0156075579
-1.000000 0.166667 -0.200000 -0.0193670769
-0.857143 0.166667 -0.200000 0.0117897605
-0.714286 0.166667 -0.200000 0.0752605921
-0.571429 0.166667 -0.200000 0.1874980858
-0.428571 0.166667 -0.200000 0.3514643773
-0.285714 0.166667 -0.200000 0.5405836035
-0.142857 0.166667 -0.200000 0.6979953371
0.000000 0.166667 -0.200000 0.7625317659
0.142857 0.166667 -0.200000 0.7075191467
0.285714 0.166667 -0.200000 0.5596312226
0.428571 0.166667 -0.200000 0.3800358059
0.571429 0.166667 -0.200000 0.2255933239
0.714286 0.166667 -0.200000 0.1228796398
0.857143 0.166667 -0.200000 0.0689326177
1.000000 0.166667 -0.200000 0.0472995898
-1.000000 0.333333 -0.200000 -0.0566594066
-0.857143 0.333333 -0.200000 -0.0282228014
-0.714286 0.333333 -0.200000 0.0233677924
-0.571429 0.333333 -0.200000 0.1099012265
-0.428571 0.333333 -0.200000 0.2334999639
-0.285714 0.333333 -0.200000 0.3751215666
-0.142857 0.333333 -0.200000 0.4940237580
0.000000 0.333333 -0.200000 0.5463778856
0.142857 0.333333 -0.200000 0.5130713771
0.285714 0.333333 -0.200000 0.4132168047
0.428571 0.333333 -0.200000 0.2906428210
0.571429 0.333333 -0.200000 0.1860917027
0.714286 0.333333 -0.200000 0.1186058876
0.857143 0.333333 -0.200000 0.0860629129
1.000000 0.333333 -0.200000 0.0766739267
-1.000000 0.500000 -0.200000 -0.0942583003
-0.857143 0.500000 -0.200000 -0.0691213048
-0.714286 0.500000 -0.200000 -0.0306996291
-0.571429 0.500000 -0.200000 0.0277706207
-0.428571 0.500000 -0.200000 0.1075072151
-0.285714 0.500000 -0.200000 0.1975844900
-0.142857 0.500000 -0.200000 0.2746264251
0.000000 0.500000 -0.200000 0.3134861809
0.142857 0.500000 -0.200000 0.3031978537
0.285714 0.500000 -0.200000 0.2547273472
0.428571 0.500000 -0.200000 0.1932215008
0.571429 0.500000 -0.200000 0.1420563350
0.714286 0.500000 -0.200000 0.1121575137
0.857143 0.500000 -0.200000 0.1023072666
1.000000 0.500000 -0.200000 0.1057416997
-1.000000 0.666667 -0.200000 -0.1306954482
-0.857143 0.666667 -0.200000 -0.1066624704
-0.714286 0.666667 -0.200000 -0.0765261674
-0.571429 0.666667 -0.200000 -0.0371790317
-0.428571 0.666667 -0.200000 0.0119384119
-0.285714 0.666667 -0.200000 0.0658066312
-0.142857 0.666667 -0.200000 0.1136860787
0.000000 0.666667 -0.200000 0.1440236470
0.142857 0.666667 -0.200000 0.1517813168
0.285714 0.666667 -0.200000 0.1419971074
0.428571 0.666667 -0.200000 0.1262241262
0.571429 0.666667 -0.200000 0.1152019207
0.714286 0.666667 -0.200000 0.1139500231
0.857143 0.666667 -0.200000 0.1219089582
1.000000 0.666667 -0.200000 0.1359712184
-1.000000 0.833333 -0.200000 -0.1656962430
-0.857143 0.833333 -0.200000 -0.1400527081
-0.714286 0.833333 -0.200000 -0.1121638855
-0.571429 0.833333 -0.200000 -0.0808865868
-0.428571 0.833333 -0.200000 -0.0460149928
-0.285714 0.833333 -0.200000 -0.0093956860
-0.142857 0.833333 -0.200000 0.0250204747
0.000000 0.833333 -0.200000 0.0529833388
0.142857 0.833333 -0.200000 0.0726395223
0.285714 0.833333 -0.200000 0.0858424092
0.428571 0.833333 -0.200000 0.0968421501
0.571429 0.833333 -0.200000 0.1095896036
0.714286 0.833333 -0.200000 0.1259313526
0.857143 0.833333 -0.200000 0.1456615776
1.000000 0.833333 -0.200000 0.1676370904
-1.000000 1.000000 -0.200000 -0.1997141376
-0.857143 1.000000 -0.200000 -0.1706024556
-0.714286 1.000000 -0.200000 -0.1408293682
-0.571429 1.000000 -0.200000 -0.1100581212
-0.428571 1.000000 -0.200000 -0.0782280851
-0.285714 1.000000 -0.200000 -0.0458832170
-0.142857 1.000000 -0.200000 -0.0141873401
0.000000 1.000000 -0.200000 0.0156075579
0.142857 1.000000 -0.200000 0.0429555170
0.285714 1.000000 -0.200000 0.0684024973
0.428571 1.000000 -0.200000 0.0932004863
0.571429 1.000000 -0.200000 0.1185133074
0.714286 1.000000 -0.200000 0.1448849175
0.857143 1.000000 -0.200000 0.1722546873
1.000000 1.000000 -0.200000 0.2002858624
-1.000000 -1.000000 0.000000 0.2003354626
-0.857143 -1.000000 0.000000 0.1723980274
-0.714286 -1.000000 0.000000 0.1452367584
-0.571429 -1.000000 0.000000 0.1192468408
-0.428571 -1.000000 0.000000 0.0944994235
-0.285714 -1.000000 0.000000 0.0703561673
-0.142857 -1.000000 0.000000 0.0454513127
0.000000 -1.000000 0.000000 0.0183156389
0.142857 -1.000000 0.000000 -0.0116915444
0.285714 -1.000000 0.000000 -0.0439295470
0.428571 -1.000000 0.000000 -0.0769291480
0.571429 -1.000000 0.000000 -0.1093245878
0.714286 -1.000000 0.000000 -0.1404775273
0.857143 -1.000000 0.000000 -0.1704591155
1.000000 -1.000000 0.000000 -0.1996645374
-1.000000 -0.833333 0.000000 0.1678054694
-0.857143 -0.833333 0.000000 0.1461481775
-0.714286 -0.833333 0.000000 0.1271257552
-0.571429 -0.833333 0.000000 0.1120797464
-0.428571 -0.833333 0.000000 0.1012516822
-0.285714 -0.833333 0.000000 0.0924745780
-0.142857 -0.833333 0.000000 0.0811120579
0.000000 -0.833333 0.000000 0.0621765240
0.142857 -0.833333 0.000000 0.0334930103
0.285714 -0.833333 0.000000 -0.0027635173
0.428571 -0.833333 0.000000 -0.0416054606
0.571429 -0.833333 0.000000 -0.0783964441
0.714286 -0.833333 0.000000 -0.1109694829
0.857143 -0.833333 0.000000 -0.1395661082
1.000000 -0.833333 0.000000 -0.1655278639
-1.000000 -0.666667 0.000000 0.1364289202
-0.857143 -0.666667 0.000000 0.1232316739
-0.714286 -0.666667 0.000000 0.1171967460
-0.571429 -0.666667 0.000000 0.1219708304
-0.428571 -0.666667 0.000000 0.1382104773
-0.285714 -0.666667 0.000000 0.1600252112
-0.142857 -0.666667 0.000000 0.1748120563
0.000000 -0.666667 0.000000 0.1690133154
0.142857 -0.666667 0.000000 0.1367168182
0.285714 -0.666667 0.000000 0.0838347350
0.428571 -0.666667 0.000000 0.0239247631
0.571429 -0.666667 0.000000 -0.0304101220
0.714286 -0.666667 0.000000 -0.0732794445
0.857143 -0.666667 0.000000 -0.1053397547
1.000000 -0.666667 0.000000 -0.1302377465
-1.000000 -0.500000 0.000000 0.1067379470
-0.857143 -0.500000 0.000000 0.1051863292
-0.714286 -0.500000 0.000000 0.1192244280
-0.571429 -0.500000 0.000000 0.1567897465
-0.428571 -0.500000 0.000000 0.2193113515
-0.285714 -0.500000 0.000000 0.2939678576
-0.142857 -0.500000 0.000000 0.3533272506
0.000000 -0.500000 0.000000 0.3678794412
0.142857 -0.500000 0.000000 0.3247558220
0.285714 -0.500000 0.000000 0.2368250005
0.428571 -0.500000 0.000000 0.1335970658
0.571429 -0.500000 0.000000 0.0425040322
0.714286 -0.500000 0.000000 -0.0236327149
0.857143 -0.500000 0.000000 -0.0662422422
1.000000 -0.500000 0.000000 -0.0932620530
-1.000000 -0.333333 0.000000 0.0784102951
-0.857143 -0.333333 0.000000 0.0910808569
-0.714286 -0.333333 0.000000 0.1309228761
-0.571429 -0.333333 0.000000 0.2117706982
-0.428571 -0.333333 0.000000 0.3361150566
-0.285714 -0.333333 0.000000 0.4816094434
-0.142857 -0.333333 0.000000 0.6004423541
0.000000 -0.333333 0.000000 0.6411803884
0.142857 -0.333333 0.000000 0.5813947351
0.285714 -0.333333 0.000000 0.4435142053
0.428571 -0.333333 0.000000 0.2789721995
0.571429 -0.333333 0.000000 0.1355802220
0.714286 -0.333333 0.000000 0.0356847808
0.857143 -0.333333 0.000000 -0.0232048574
1.000000 -0.333333 0.000000 -0.0549230382
-1.000000 -0.166667 0.000000 0.0497228871
-0.857143 -0.166667 0.000000 0.0759357228
-0.714286 -0.166667 0.000000 0.1400693819
-0.571429 -0.166667 0.000000 0.2614312490
-0.428571 -0.166667 0.000000 0.4434974228
-0.285714 -0.166667 0.000000 0.6550808390
-0.142857 -0.166667 0.000000 0.8294551678
0.000000 -0.166667 0.000000 0.8948393168
0.142857 -0.166667 0.000000 0.8199313583
0.285714 -0.166667 0.000000 0.6360332199
0.428571 -0.166667 0.000000 0.4149259943
0.571429 -0.166667 0.000000 0.2233360109
0.714286 -0.166667 0.000000 0.0924503342
0.857143 -0.166667 0.000000 0.0187928656
1.000000 -0.166667 0.000000 -0.0169437795
-1.000000 0.000000 0.000000 0.0183156389
-0.857143 0.000000 0.000000 0.0529305019
-0.714286 0.000000 0.000000 0.1299226083
-0.571429 0.000000 0.000000 0.2708683285
-0.428571 0.000000 0.000000 0.4796522688
-0.285714 0.000000 0.000000 0.7214222904
-0.142857 0.000000 0.000000 0.9216104473
0.000000 0.000000 0.000000 1.0000000000
0.142857 0.000000 0.000000 0.9216104473
0.285714 0.000000 0.000000 0.7214222904
0.428571 0.000000 0.000000 0.4796522688
0.571429 0.000000 0.000000 0.2708683285
0.714286 0.000000 0.000000 0.1299226083
0.857143 0.000000 0.000000 0.0529305019
1.000000 0.000000 0.000000 0.0183156389
-1.000000 0.166667 0.000000 -0.0169437795
-0.857143 0.166667 0.000000 0.0187928656
-0.714286 0.166667 0.000000 0.0924503342
-0.571429 0.166667 0.000000 0.2233360109
-0.428571 0.166667 0.000000 0.4149259943
-0.285714 0.166667 0.000000 0.6360332199
-0.142857 0.166667 0.000000 0.8199313583
0.000000 0.166667 0.000000 0.8948393168
0.142857 0.166667 0.000000 0.8294551678
0.285714 0.166667 0.000000 0.6550808390
0.428571 0.166667 0.000000 0.4434974228
0.571429 0.166667 0.000000 0.2614312490
0.714286 0.166667 0.000000 0.1400693819
0.857143 0.166667 0.000000 0.0759357228
1.000000 0.166667 0.000000 0.0497228871
-1.000000 0.333333 0.000000 -0.0549230382
-0.857143 0.333333 0.000000 -0.0232048574
-0.714286 0.333333 0.000000 0.0356847808
-0.571429 0.333333 0.000000 0.1355802220
-0.428571 0.333333 0.000000 0.2789721995
-0.285714 0.333333 0.000000 0.4435142053
-0.142857 0.333333 0.000000 0.5813947351
0.000000 0.333333 0.000000 0.6411803884
0.142857 0.333333 0.000000 0.6004423541
0.285714 0.333333 0.000000 0.4816094434
0.428571 0.333333 0.000000 0.3361150566
0.571429 0.333333 0.000000 0.2117706982
0.714286 0.333333 0.000000 0.1309228761
0.857143 0.333333 0.000000 0.0910808569
1.000000 0.333333 0.000000 0.0784102951
-1.000000 0.500000 0.000000 -0.0932620530
-0.857143 0.500000 0.000000 -0.0662422422
-0.714286 0.500000 0.000000 -0.0236327149
-0.571429 0.500000 0.000000 0.0425040322
-0.428571 0.500000 0.000000 0.1335970658
-0.285714 0.500000 0.000000 0.2368250005
-0.142857 0.500000 0.000000 0.3247558220
0.000000 0.500000 0.000000 0.3678794412
0.142857 0.500000 0.000000 0.3533272506
0.285714 0.500000 0.000000 0.2939678576
0.428571 0.500000 0.000000 0.2193113515
0.571429 0.500000 0.000000 0.1567897465
0.714286 0.500000 0.000000 0.1192244280
0.857143 0.500000 0.000000 0.1051863292
1.000000 0.500000 0.000000 0.1067379470
-1.000000 0.666667 0.000000 -0.1302377465
-0.857143 0.666667 0.000000 -0.1053397547
-0.714286 0.666667 0.000000 -0.0732794445
-0.571429 0.666667 0.000000 -0.0304101220
-0.428571 0.666667 0.000000 0.0239247631
-0.285714 0.666667 0.000000 0.0838347350
-0.142857 0.666667 0.000000 0.1367168182
0.000000 0.666667 0.000000 0.1690133154
0.142857 0.666667 0.000000 0.1748120563
0.285714 0.666667 0.000000 0.1600252112
0.428571 0.666667 0.000000 0.1382104773
0.571429 0.666667 0.000000 0.1219708304
0.714286 0.666667 0.000000 0.1171967460
0.857143 0.666667 0.000000 0.1232316739
1.000000 0.666667 0.000000 0.1364289202
-1.000000 0.833333 0.000000 -0.1655278639
-0.857143 0.833333 0.000000 -0.1395661082
-0.714286 0.833333 0.000000 -0.1109694829
-0.571429 0.833333 0.000000 -0.0783964441
-0.428571 0.833333 0.000000 -0.0416054606
-0.285714 0.833333 0.000000 -0.0027635173
-0.142857 0.833333 0.000000 0.0334930103
0.000000 0.833333 0.000000 0.0621765240
0.142857 0.833333 0.000000 0.0811120579
0.285714 0.833333 0.000000 0.0924745780
0.428571 0.833333 0.000000 0.1012516822
0.571429 0.833333 0.000000 0.1120797464
0.714286 0.833333 0.000000 0.1271257552
0.857143 0.833333 0.000000 0.1461481775
1.000000 0.833333 0.000000 0.1678054694
-1.000000 1.000000 0.000000 -0.1996645374
-0.857143 1.000000 0.000000 -0.1704591155
-0.714286 1.000000 0.000000 -0.1404775273
-0.571429 1.000000 0.000000 -0.1093245878
-0.428571 1.000000 0.000000 -0.0769291480
-0.285714 1.000000 0.000000 -0.0439295470
-0.142857 1.000000 0.000000 -0.0116915444
0.000000 1.000000 0.000000 0.0183156389
0.142857 1.000000 0.000000 0.0454513127
0.285714 1.000000 0.000000 0.0703561673
0.428571 1.000000 0.000000 0.0944994235
0.571429 1.000000 0.000000 0.1192468408
0.714286 1.000000 0.000000 0.1452367584
0.857143 1.000000 0.000000 0.1723980274
1.000000 1.000000 0.000000 0.2003354626
-1.000000 -1.000000 0.200000 0.2002858624
-0.857143 -1.000000 0.200000 0.1722546873
-0.714286 -1.000000 0.200000 0.1448849175
-0.571429 -1.000000 0.200000 0.1185133074
-0.428571 -1.000000 0.200000 0.0932004863
-0.285714 -1.000000 0.200000 0.0684024973
-0.142857 -1.000000 0.200000 0.0429555170
0.000000 -1.000000 0.200000 0.0156075579
0.142857 -1.000000 0.200000 -0.0141873401
0.285714 -1.000000 0.200000 -0.0458832170
0.428571 -1.000000 0.200000 -0.0782280851
0.571429 -1.000000 0.200000 -0.1100581212
0.714286 -1.000000 0.200000 -0.1408293682
0.857143 -1.000000 0.200000 -0.1706024556
1.000000 -1.000000 0.200000 -0.1997141376
-1.000000 -0.833333 0.200000 0.1676370904
-0.857143 -0.833333 0.200000 0.1456615776
-0.714286 -0.833333 0.200000 0.1259313526
-0.571429 -0.833333 0.200000 0.1095896036
-0.428571 -0.833333 0.200000 0.0968421501
-0.285714 -0.833333 0.200000 0.0858424092
-0.142857 -0.833333 0.200000 0.0726395223
0.000000 -0.833333 0.200000 0.0529833388
0.142857 -0.833333 0.200000 0.0250204747
0.285714 -0.833333 0.200000 -0.0093956860
0.428571 -0.833333 0.200000 -0.0460149928
0.571429 -0.833333 0.200000 -0.0808865868
0.714286 -0.833333 0.200000 -0.1121638855
0.857143 -0.833333 0.200000 -0.1400527081
1.000000 -0.833333 0.200000 -0.1656962430
-1.000000 -0.666667 0.200000 0.1359712184
-0.857143 -0.666667 0.200000 0.1219089582
-0.714286 -0.666667 0.200000 0.1139500231
-0.571429 -0.666667 0.200000 0.1152019207
-0.428571 -0.666667 0.200000 0.1262241262
-0.285714 -0.666667 0.200000 0.1419971074
-0.142857 -0.666667 0.200000 0.1517813168
0.000000 -0.666667 0.200000 0.1440236470
0.142857 -0.666667 0.200000 0.1136860787
0.285714 -0.666667 0.200000 0.0658066312
0.428571 -0.666667 0.200000 0.0119384119
0.571429 -0.666667 0.200000 -0.0371790317
0.714286 -0.666667 0.200000 -0.0765261674
0.857143 -0.666667 0.200000 -0.1066624704
1.000000 -0.666667 0.200000 -0.1306954482
-1.000000 -0.500000 0.200000 0.1057416997
-0.857143 -0.500000 0.200000 0.1023072666
-0.714286 -0.500000 0.200000 0.1121575137
-0.571429 -0.500000 0.200000 0.1420563350
-0.428571 -0.500000 0.200000 0.1932215008
-0.285714 -0.500000 0.200000 0.2547273472
-0.142857 -0.500000 0.200000 0.3031978537
0.000000 -0.500000 0.200000 0.3134861809
0.142857 -0.500000 0.200000 0.2746264251
0.285714 -0.500000 0.200000 0.1975844900
0.428571 -0.500000 0.200000 0.1075072151
0.571429 -0.500000 0.200000 0.0277706207
0.714286 -0.500000 0.200000 -0.0306996291
0.857143 -0.500000 0.200000 -0.0691213048
1.000000 -0.500000 0.200000 -0.0942583003
-1.000000 -0.333333 0.200000 0.0766739267
-0.857143 -0.333333 0.200000 0.0860629129
-0.714286 -0.333333 0.200000 0.1186058876
-0.571429 -0.333333 0.200000 0.1860917027
-0.428571 -0.333333 0.200000 0.2906428210
-0.285714 -0.333333 0.200000 0.4132168047
-0.142857 -0.333333 0.200000 0.5130713771
0.000000 -0.333333 0.200000 0.5463778856
0.142857 -0.333333 0.200000 0.4940237580
0.285714 -0.333333 0.200000 0.3751215666
0.428571 -0.333333 0.200000 0.2334999639
0.571429 -0.333333 0.200000 0.1099012265
0.714286 -0.333333 0.200000 0.0233677924
0.857143 -0.333333 0.200000 -0.0282228014
1.000000 -0.333333 0.200000 -0.0566594066
-1.000000 -0.166667 0.200000 0.0472995898
-0.857143 -0.166667 0.200000 0.0689326177
-0.714286 -0.166667 0.200000 0.1228796398
-0.571429 -0.166667 0.200000 0.2255933239
-0.428571 -0.166667 0.200000 0.3800358059
-0.285714 -0.166667 0.200000 0.5596312226
-0.142857 -0.166667 0.200000 0.7075191467
0.000000 -0.166667 0.200000 0.7625317659
0.142857 -0.166667 0.200000 0.6979953371
0.285714 -0.166667 0.200000 0.5405836035
0.428571 -0.166667 0.200000 0.3514643773
0.571429 -0.166667 0.200000 0.1874980858
0.714286 -0.166667 0.200000 0.0752605921
0.857143 -0.166667 0.200000 0.0117897605
1.000000 -0.166667 0.200000 -0.0193670769
-1.000000 0.000000 0.200000 0.0156075579
-0.857143 0.000000 0.200000 0.0451043985
-0.714286 0.000000 0.200000 0.1107127437
-0.571429 0.000000 0.200000 0.2308187637
-0.428571 0.000000 0.200000 0.4087327017
-0.285714 0.000000 0.200000 0.6147555239
-0.142857 0.000000 0.200000 0.7853446185
0.000000 0.000000 0.200000 0.8521437890
0.142857 0.000000 0.200000 0.7853446185
0.285714 0.000000 0.200000 0.6147555239
0.428571 0.000000 0.200000 0.4087327017
0.571429 0.000000 0.200000 0.2308187637
0.714286 0.000000 0.200000 0.1107127437
0.857143 0.000000 0.200000 0.0451043985
1.000000 0.000000 0.200000 0.0156075579
-1.000000 0.166667 0.200000 -0.0193670769
-0.857143 0.166667 0.200000 0.0117897605
-0.714286 0.166667 0.200000 0.0752605921
-0.571429 0.166667 0.200000 0.1874980858
-0.428571 0.166667 0.200000 0.3514643773
-0.285714 0.166667 0.200000 0.5405836035
-0.142857 0.166667 0.200000 0.6979953371
0.000000 0.166667 0.200000 0.7625317659
0.142857 0.166667 0.200000 0.7075191467
0.285714 0.166667 0.200000 0.5596312226
0.428571 0.166667 0.200000 0.3800358059
0.571429 0.166667 0.200000 0.2255933239
0.714286 0.166667 0.200000 0.1228796398
0.857143 0.166667 0.200000 0.0689326177
1.000000 0.166667 0.200000 0.0472995898
-1.000000 0.333333 0.200000 -0.0566594066
-0.857143 0.333333 0.200000 -0.0282228014
-0.714286 0.333333 0.200000 0.0233677924
-0.571429 0.333333 0.200000 0.1099012265
-0.428571 0.333333 0.200000 0.2334999639
-0.285714 0.333333 0.200000 0.3751215666
-0.142857 0.333333 0.200000 0.4940237580
0.000000 0.333333 0.200000 0.5463778856
0.142857 0.333333 0.200000 0.5130713771
0.285714 0.333333 0.200000 0.4132168047
0.428571 0.333333 0.200000 0.2906428210
0.571429 0.333333 0.200000 0.1860917027
0.714286 0.333333 0.200000 0.1186058876
0.857143 0.333333 0.200000 0.0860629129
1.000000 0.333333 0.200000 0.0766739267
-1.000000 0.500000 0.200000 -0.0942583003
-0.857143 0.500000 0.200000 -0.0691213048
-0.714286 0.500000 0.200000 -0.0306996291
-0.571429 0.500000 0.200000 0.0277706207
-0.428571 0.500000 0.200000 0.1075072151
-0.285714 0.500000 0.200000 0.1975844900
-0.142857 0.500000 0.200000 0.2746264251
0.000000 0.500000 0.200000 0.3134861809
0.142857 0.500000 0.200000 0.3031978537
0.285714 0.500000 0.200000 0.2547273472
0.428571 0.500000 0.200000 0.1932215008
0.571429 0.500000 0.200000 0.1420563350
0.714286 0.500000 0.200000 0.1121575137
0.857143 0.500000 0.200000 0.1023072666
1.000000 0.500000 0.200000 0.1057416997
-1.000000 0.666667 0.200000 -0.1306954482
-0.857143 0.666667 0.200000 -0.1066624704
-0.714286 0.666667 0.200000 -0.0765261674
-0.571429 0.666667 0.200000 -0.0371790317
-0.428571 0.666667 0.200000 0.0119384119
-0.285714 0.666667 0.200000 0.0658066312
-0.142857 0.666667 0.200000 0.1136860787
0.000000 0.666667 0.200000 0.1440236470
0.142857 0.666667 0.200000 0.1517813168
0.285714 0.666667 0.200000 0.1419971074
0.428571 0.666667 0.200000 0.1262241262
0.571429 0.666667 0.200000 0.1152019207
0.714286 0.666667 0.200000 0.1139500231
0.857143 0.666667 0.200000 0.1219089582
1.000000 0.666667 0.200000 0.1359712184
-1.000000 0.833333 0.200000 -0.1656962430
-0.857143 0.833333 0.200000 -0.1400527081
-0.714286 0.833333 0.200000 -0.1121638855
-0.571429 0.833333 0.200000 -0.0808865868
-0.428571 0.833333 0.200000 -0.0460149928
-0.285714 0.833333 0.200000 -0.0093956860
-0.142857 0.833333 0.200000 0.0250204747
0.000000 0.833333 0.200000 0.0529833388
0.142857 0.833333 0.200000 0.0726395223
0.285714 0.833333 0.200000 0.0858424092
0.428571 0.833333 0.200000 0.0968421501
0.571429 0.833333 0.200000 0.1095896036
0.714286 0.833333 0.200000 0.1259313526
0.857143 0.833333 0.200000 0.1456615776
1.000000 0.833333 0.200000 0.1676370904
-1.000000 1.000000 0.200000 -0.1997141376
-0.857143 1.000000 0.200000 -0.1706024556
-0.714286 1.000000 0.200000 -0.1408293682
-0.571429 1.000000 0.200000 -0.1100581212
-0.428571 1.000000 0.200000 -0.0782280851
-0.285714 1.000000 0.200000 -0.0458832170
-0.142857 1.000000 0.200000 -0.0141873401
0.000000 1.000000 0.200000 0.0156075579
0.142857 1.000000 0.200000 0.0429555170
0.285714 1.000000 0.200000 0.0684024973
0.428571 1.000000 0.200000 0.0932004863
0.571429 1.000000 0.200000 0.1185133074
0.714286 1.000000 0.200000 0.1448849175
0.857143 1.000000 0.200000 0.1722546873
1.000000 1.000000 0.200000 0.2002858624
-1.000000 -1.000000 0.400000 0.2001768869
-0.857143 -1.000000 0.400000 0.1719397582
-0.714286 -1.000000 0.400000 0.1441118961
-0.571429 -1.000000 0.400000 0.1169016787
-0.428571 -1.000000 0.400000 0.0903466223
-0.285714 -1.000000 0.400000 0.0641101355
-0.142857 -1.000000 0.400000 0.0374720636
0.000000 -1.000000 0.400000 0.0096576976
0.142857 -1.000000 0.400000 -0.0196707935
0.285714 -1.000000 0.400000 -0.0501755788
0.428571 -1.000000 0.400000 -0.0810819491
0.571429 -1.000000 0.400000 -0.1116697499
0.714286 -1.000000 0.400000 -0.1416023896
0.857143 -1.000000 0.400000 -0.1709173846
1.000000 -1.000000 0.400000 -0.1998231131
-1.000000 -0.833333 0.400000 0.1672671487
-0.857143 -0.833333 0.400000 0.1445924805
-0.714286 -0.833333 0.400000 0.1233071591
-0.571429 -0.833333 0.400000 0.1041185703
-0.428571 -0.833333 0.400000 0.0871540718
-0.285714 -0.833333 0.400000 0.0712710290
-0.142857 -0.833333 0.400000 0.0540247159
0.000000 -0.833333 0.400000 0.0327852101
0.142857 -0.833333 0.400000 0.0064056683
0.285714 -0.833333 0.400000 -0.0239670663
0.428571 -0.833333 0.400000 -0.0557030710
0.571429 -0.833333 0.400000 -0.0863576202
0.714286 -0.833333 0.400000 -0.1147880790
0.857143 -0.833333 0.400000 -0.1411218052
1.000000 -0.833333 0.400000 -0.1660661846
-1.000000 -0.666667 0.400000 0.1349656128
-0.857143 -0.666667 0.400000 0.1190028510
-0.714286 -0.666667 0.400000 0.1068167254
-0.571429 -0.666667 0.400000 0.1003301101
-0.428571 -0.666667 0.400000 0.0998891991
-0.285714 -0.666667 0.400000 0.1023879892
-0.142857 -0.666667 0.400000 0.1011810267
0.000000 -0.666667 0.400000 0.0891194408
0.142857 -0.666667 0.400000 0.0630857886
0.285714 -0.666667 0.400000 0.0261975130
0.428571 -0.666667 0.400000 -0.0143965152
0.571429 -0.666667 0.400000 -0.0520508422
0.714286 -0.666667 0.400000 -0.0836594650
0.857143 -0.666667 0.400000 -0.1095685776
1.000000 -0.666667 0.400000 -0.1317010538
-1.000000 -0.500000 0.400000 0.1035528684
-0.857143 -0.500000 0.400000 0.0959817467
-0.714286 -0.500000 0.400000 0.0966309645
-0.571429 -0.500000 0.400000 0.1096859070
-0.428571 -0.500000 0.400000 0.1359001102
-0.285714 -0.500000 0.400000 0.1685129550
-0.142857 -0.500000 0.400000 0.1930597478
0.000000 -0.500000 0.400000 0.1939800423
0.142857 -0.500000 0.400000 0.1644883193
0.285714 -0.500000 0.400000 0.1113700978
0.428571 -0.500000 0.400000 0.0501858245
0.571429 -0.500000 0.400000 -0.0045998073
0.714286 -0.500000 0.400000 -0.0462261784
0.857143 -0.500000 0.400000 -0.0754468247
1.000000 -0.500000 0.400000 -0.0964471316
-1.000000 -0.333333 0.400000 0.0728589930
-0.857143 -0.333333 0.400000 0.0750381073
-0.714286 -0.333333 0.400000 0.0915445253
-0.571429 -0.333333 0.400000 0.1296729924
-0.428571 -0.333333 0.400000 0.1907368537
-0.285714 -0.333333 0.400000 0.2629529647
-0.142857 -0.333333 0.400000 0.3211106813
0.000000 -0.333333 0.400000 0.3380895613
0.142857 -0.333333 0.400000 0.3020630623
0.285714 -0.333333 0.400000 0.2248577266
0.428571 -0.333333 0.400000 0.1335939966
0.571429 -0.333333 0.400000 0.0534825162
0.714286 -0.333333 0.400000 -0.0036935700
0.857143 -0.333333 0.400000 -0.0392476070
1.000000 -0.333333 0.400000 -0.0604743404
-1.000000 -0.166667 0.400000 0.0419754209
-0.857143 -0.166667 0.400000 0.0535462621
-0.714286 -0.166667 0.400000 0.0851124662
-0.571429 -0.166667 0.400000 0.1468546709
-0.428571 -0.166667 0.400000 0.2406057965
-0.285714 -0.166667 0.400000 0.3499211404
-0.142857 -0.166667 0.400000 0.4396164145
0.000000 -0.166667 0.400000 0.4718419925
0.142857 -0.166667 0.400000 0.4300926050
0.285714 -0.166667 0.400000 0.3308735214
0.428571 -0.166667 0.400000 0.2120343679
0.571429 -0.166667 0.400000 0.1087594328
0.714286 -0.166667 0.400000 0.0374934186
0.857143 -0.166667 0.400000 -0.0035965951
1.000000 -0.166667 0.400000 -0.0246912458
-1.000000 0.000000 0.400000 0.0096576976
-0.857143 0.000000 0.400000 0.0279098527
-0.714286 0.000000 0.400000 0.0685072071
-0.571429 0.000000 0.400000 0.1428268175
-0.428571 0.000000 0.400000 0.2529170075
-0.285714 0.000000 0.400000 0.3804005082
-0.142857 0.000000 0.400000 0.4859582068
0.000000 0.000000 0.400000 0.5272924240
0.142857 0.000000 0.400000 0.4859582068
0.285714 0.000000 0.400000 0.3804005082
0.428571 0.000000 0.400000 0.2529170075
0.571429 0.000000 0.400000 0.1428268175
0.714286 0.000000 0.400000 0.0685072071
0.857143 0.000000 0.400000 0.0279098527
1.000000 0.000000 0.400000 0.0096576976
-1.000000 0.166667 0.400000 -0.0246912458
-0.857143 0.166667 0.400000 -0.0035965951
-0.714286 0.166667 0.400000 0.0374934186
-0.571429 0.166667 0.400000 0.1087594328
-0.428571 0.166667 0.400000 0.2120343679
-0.285714 0.166667 0.400000 0.3308735214
-0.142857 0.166667 0.400000 0.4300926050
0.000000 0.166667 0.400000 0.4718419925
0.142857 0.166667 0.400000 0.4396164145
0.285714 0.166667 0.400000 0.3499211404
0.428571 0.166667 0.400000 0.2406057965
0.571429 0.166667 0.400000 0.1468546709
0.714286 0.166667 0.400000 0.0851124662
0.857143 0.166667 0.400000 0.0535462621
1.000000 0.166667 0.400000 0.0419754209
-1.000000 0.333333 0.400000 -0.0604743404
-0.857143 0.333333 0.400000 -0.0392476070
-0.714286 0.333333 0.400000 -0.0036935700
-0.571429 0.333333 0.400000 0.0534825162
-0.428571 0.333333 0.400000 0.1335939966
-0.285714 0.333333 0.400000 0.2248577266
-0.142857 0.333333 0.400000 0.3020630623
0.000000 0.333333 0.400000 0.3380895613
0.142857 0.333333 0.400000 0.3211106813
0.285714 0.333333 0.400000 0.2629529647
0.428571 0.333333 0.400000 0.1907368537
0.571429 0.333333 0.400000 0.1296729924
0.714286 0.333333 0.400000 0.0915445253
0.857143 0.333333 0.400000 0.0750381073
1.000000 0.333333 0.400000 0.0728589930
-1.000000 0.500000 0.400000 -0.0964471316
-0.857143 0.500000 0.400000 -0.0754468247
-0.714286 0.500000 0.400000 -0.0462261784
-0.571429 0.500000 0.400000 -0.0045998073
-0.428571 0.500000 0.400000 0.0501858245
-0.285714 0.500000 0.400000 0.1113700978
-0.142857 0.500000 0.400000 0.1644883193
0.000000 0.500000 0.400000 0.1939800423
0.142857 0.500000 0.400000 0.1930597478
0.285714 0.500000 0.400000 0.1685129550
0.428571 0.500000 0.400000 0.1359001102
0.571429 0.500000 0.400000 0.1096859070
0.714286 0.500000 0.400000 0.0966309645
0.857143 0.500000 0.400000 0.0959817467
1.000000 0.500000 0.400000 0.1035528684
-1.000000 0.666667 0.400000 -0.1317010538
-0.857143 0.666667 0.400000 -0.1095685776
-0.714286 0.666667 0.400000 -0.0836594650
-0.571429 0.666667 0.400000 -0.0520508422
-0.428571 0.666667 0.400000 -0.0143965152
-0.285714 0.666667 0.400000 0.0261975130
-0.142857 0.666667 0.400000 0.0630857886
0.000000 0.666667 0.400000 0.0891194408
0.142857 0.666667 0.400000 0.1011810267
0.285714 0.666667 0.400000 0.1023879892
0.428571 0.666667 0.400000 0.0998891991
0.571429 0.666667 0.400000 0.1003301101
0.714286 0.666667 0.400000 0.1068167254
0.857143 0.666667 0.400000 0.1190028510
1.000000 0.666667 0.400000 0.1349656128
-1.000000 0.833333 0.400000 -0.1660661846
-0.857143 0.833333 0.400000 -0.1411218052
-0.714286 0.833333 0.400000 -0.1147880790
-0.571429 0.833333 0.400000 -0.0863576202
-0.428571 0.833333 0.400000 -0.0557030710
-0.285714 0.833333 0.400000 -0.0239670663
-0.142857 0.833333 0.400000 0.0064056683
0.000000 0.833333 0.400000 0.0327852101
0.142857 0.833333 0.400000 0.0540247159
0.285714 0.833333 0.400000 0.0712710290
0.428571 0.833333 0.400000 0.0871540718
0.571429 0.833333 0.400000 0.1041185703
0.714286 0.833333 0.400000 0.1233071591
0.857143 0.833333 0.400000 0.1445924805
1.000000 0.833333 0.400000 0.1672671487
-1.000000 1.000000 0.400000 -0.1998231131
-0.857143 1.000000 0.400000 -0.1709173846
-0.714286 1.000000 0.400000 -0.1416023896
-0.571429 1.000000 0.400000 -0.1116697499
-0.428571 1.000000 0.400000 -0.0810819491
-0.285714 1.000000 0.400000 -0.0501755788
-0.142857 1.000000 0.400000 -0.0196707935
0.000000 1.000000 0.400000 0.0096576976
0.142857 1.000000 0.400000 0.0374720636
0.285714 1.000000 0.400000 0.0641101355
0.428571 1.000000 0.400000 0.0903466223
0.571429 1.000000 0.400000 0.1169016787
0.714286 1.000000 0.400000 0.1441118961
0.857143 1.000000 0.400000 0.1719397582
1.000000 1.000000 0.400000 0.2001768869
-1.000000 -1.000000 0.600000 0.2000794804
-0.857143 -1.000000 0.600000 0.1716582625
-0.714286 -1.000000 0.600000 0.1434209398
-0.571429 -1.000000 0.600000 0.1154611429
-0.428571 -1.000000 0.600000 0.0877957287
-0.285714 -1.000000 0.600000 0.0602734571
-0.142857 -1.000000 0.600000 0.0325707417
0.000000 -1.000000 0.600000 0.0043394833
0.142857 -1.000000 0.600000 -0.0245721155
0.285714 -1.000000 0.600000 -0.0540122572
0.428571 -1.000000 0.600000 -0.0836328427
0.571429 -1.000000 0.600000 -0.1131102857
0.714286 -1.000000 0.600000 -0.1422933459
0.857143 -1.000000 0.600000 -0.1711988804
1.000000 -1.000000 0.600000 -0.1999205196
-1.000000 -0.833333 0.600000 0.1669364807
-0.857143 -0.833333 0.600000 0.1436368803
-0.714286 -0.833333 0.600000 0.1209615537
-0.571429 -0.833333 0.600000 0.0992283499
-0.428571 -0.833333 0.600000 0.0784944942
-0.285714 -0.833333 0.600000 0.0582465679
-0.142857 -0.833333 0.600000 0.0373860848
0.000000 -0.833333 0.600000 0.0147313445
0.142857 -0.833333 0.600000 -0.0102329628
0.285714 -0.833333 0.600000 -0.0369915273
0.428571 -0.833333 0.600000 -0.0643626486
0.571429 -0.833333 0.600000 -0.0912478406
0.714286 -0.833333 0.600000 -0.1171336843
0.857143 -0.833333 0.600000 -0.1420774054
1.000000 -0.833333 0.600000 -0.1663968527
-1.000000 -0.666667 0.600000 0.1340667638
-0.857143 -0.666667 0.600000 0.1164052604
-0.714286 -0.666667 0.600000 0.1004407092
-0.571429 -0.666667 0.600000 0.0870371129
-0.428571 -0.666667 0.600000 0.0763500267
-0.285714 -0.666667 0.600000 0.0669838333
-0.142857 -0.666667 0.600000 0.0559525380
0.000000 -0.666667 0.600000 0.0400439460
0.142857 -0.666667 0.600000 0.0178572999
0.285714 -0.666667 0.600000 -0.0092066429
0.428571 -0.666667 0.600000 -0.0379356876
0.571429 -0.666667 0.600000 -0.0653438395
0.714286 -0.666667 0.600000 -0.0900354813
0.857143 -0.666667 0.600000 -0.1121661681
1.000000 -0.666667 0.600000 -0.1325999029
-1.000000 -0.500000 0.600000 0.1015964067
-0.857143 -0.500000 0.600000 0.0903277533
-0.714286 -0.500000 0.600000 0.0827527366
-0.571429 -0.500000 0.600000 0.0807519713
-0.428571 -0.500000 0.600000 0.0846640430
-0.285714 -0.500000 0.600000 0.0914512097
-0.142857 -0.500000 0.600000 0.0946140656
0.000000 -0.500000 0.600000 0.0871608515
0.142857 -0.500000 0.600000 0.0660426370
0.285714 -0.500000 0.600000 0.0343083525
0.428571 -0.500000 0.600000 -0.0010502427
0.571429 -0.500000 0.600000 -0.0335337430
0.714286 -0.500000 0.600000 -0.0601044063
0.857143 -0.500000 0.600000 -0.0811008181
1.000000 -0.500000 0.600000 -0.0984035933
-1.000000 -0.333333 0.600000 0.0694490582
-0.857143 -0.333333 0.600000 0.0651837114
-0.714286 -0.333333 0.600000 0.0673560370
-0.571429 -0.333333 0.600000 0.0792437756
-0.428571 -0.333333 0.600000 0.1014370511
-0.285714 -0.333333 0.600000 0.1286413553
-0.142857 -0.333333 0.600000 0.1495288159
0.000000 -0.333333 0.600000 0.1519134323
0.142857 -0.333333 0.600000 0.1304811968
0.285714 -0.333333 0.600000 0.0905461172
0.428571 -0.333333 0.600000 0.0442941939
0.571429 -0.333333 0.600000 0.0030532994
0.714286 -0.333333 0.600000 -0.0278820583
0.857143 -0.333333 0.600000 -0.0491020029
1.000000 -0.333333 0.600000 -0.0638842751
-1.000000 -0.166667 0.600000 0.0372164736
-0.857143 -0.166667 0.600000 0.0397933446
-0.714286 -0.166667 0.600000 0.0513547114
-0.571429 -0.166667 0.600000 0.0764750292
-0.428571 -0.166667 0.600000 0.1159778824
-0.285714 -0.166667 0.600000 0.1624741896
-0.142857 -0.166667 0.600000 0.2001546312
0.000000 -0.166667 0.600000 0.2120122737
0.142857 -0.166667 0.600000 0.1906308216
0.285714 -0.166667 0.600000 0.1434265706
0.428571 -0.166667 0.600000 0.0874064538
0.571429 -0.166667 0.600000 0.0383797911
0.714286 -0.166667 0.600000 0.0037356638
0.857143 -0.166667 0.600000 -0.0173495125
1.000000 -0.166667 0.600000 -0.0294501931
-1.000000 0.000000 0.600000 0.0043394833
-0.857143 0.000000 0.600000 0.0125407052
-0.714286 0.000000 0.600000 0.0307822724
-0.571429 0.000000 0.600000 0.0641762260
-0.428571 0.000000 0.600000 0.1136429370
-0.285714 0.000000 0.600000 0.1709249663
-0.142857 0.000000 0.600000 0.2183550977
0.000000 0.000000 0.600000 0.2369277587
0.142857 0.000000 0.600000 0.2183550977
0.285714 0.000000 0.600000 0.1709249663
0.428571 0.000000 0.600000 0.1136429370
0.571429 0.000000 0.600000 0.0641762260
0.714286 0.000000 0.600000 0.0307822724
0.857143 0.000000 0.600000 0.0125407052
1.000000 0.000000 0.600000 0.0043394833
-1.000000 0.166667 0.600000 -0.0294501931
-0.857143 0.166667 0.600000 -0.0173495125
-0.714286 0.166667 0.600000 0.0037356638
-0.571429 0.166667 0.600000 0.0383797911
-0.428571 0.166667 0.600000 0.0874064538
-0.285714 0.166667 0.600000 0.1434265706
-0.142857 0.166667 0.600000 0.1906308216
0.000000 0.166667 0.600000 0.2120122737
0.142857 0.166667 0.600000 0.2001546312
0.285714 0.166667 0.600000 0.1624741896
0.428571 0.166667 0.600000 0.1159778824
0.571429 0.166667 0.600000 0.0764750292
0.714286 0.166667 0.600000 0.0513547114
0.857143 0.166667 0.600000 0.0397933446
1.000000 0.166667 0.600000 0.0372164736
-1.000000 0.333333 0.600000 -0.0638842751
-0.857143 0.333333 0.600000 -0.0491020029
-0.714286 0.333333 0.600000 -0.0278820583
-0.571429 0.333333 0.600000 0.0030532994
-0.428571 0.333333 0.600000 0.0442941939
-0.285714 0.333333 0.600000 0.0905461172
-0.142857 0.333333 0.600000 0.1304811968
0.000000 0.333333 0.600000 0.1519134323
0.142857 0.333333 0.600000 0.1495288159
0.285714 0.333333 0.600000 0.1286413553
0.428571 0.333333 0.600000 0.1014370511
0.571429 0.333333 0.600000 0.0792437756
0.714286 0.333333 0.600000 0.0673560370
0.857143 0.333333 0.600000 0.0651837114
1.000000 0.333333 0.600000 0.0694490582
-1.000000 0.500000 0.600000 -0.0984035933
-0.857143 0.500000 0.600000 -0.0811008181
-0.714286 0.500000 0.600000 -0.0601044063
-0.571429 0.500000 0.600000 -0.0335337430
-0.428571 0.500000 0.600000 -0.0010502427
-0.285714 0.500000 0.600000 0.0343083525
-0.142857 0.500000 0.600000 0.0660426370
0.000000 0.500000 0.600000 0.0871608515
0.142857 0.500000 0.600000 0.0946140656
0.285714 0.500000 0.600000 0.0914512097
0.428571 0.500000 0.600000 0.0846640430
0.571429 0.500000 0.600000 0.0807519713
0.714286 0.500000 0.600000 0.0827527366
0.857143 0.500000 0.600000 0.0903277533
1.000000 0.500000 0.600000 0.1015964067
-1.000000 0.666667 0.600000 -0.1325999029
-0.857143 0.666667 0.600000 -0.1121661681
-0.714286 0.666667 0.600000 -0.0900354813
-0.571429 0.666667 0.600000 -0.0653438395
-0.428571 0.666667 0.600000 -0.0379356876
-0.285714 0.666667 0.600000 -0.0092066429
-0.142857 0.666667 0.600000 0.0178572999
0.000000 0.666667 0.600000 0.0400439460
0.142857 0.666667 0.600000 0.0559525380
0.285714 0.666667 0.600000 0.0669838333
0.428571 0.666667 0.600000 0.0763500267
0.571429 0.666667 0.600000 0.0870371129
0.714286 0.666667 0.600000 0.1004407092
0.857143 0.666667 0.600000 0.1164052604
1.000000 0.666667 0.600000 0.1340667638
-1.000000 0.833333 0.600000 -0.1663968527
-0.857143 0.833333 0.600000 -0.1420774054
-0.714286 0.833333 0.600000 -0.1171336843
-0.571429 0.833333 0.600000 -0.0912478406
-0.428571 0.833333 0.600000 -0.0643626486
-0.285714 0.833333 0.600000 -0.0369915273
-0.142857 0.833333 0.600000 -0.0102329628
0.000000 0.833333 0.600000 0.0147313445
0.142857 0.833333 0.600000 0.0373860848
0.285714 0.833333 0.600000 0.0582465679
0.428571 0.833333 0.600000 0.0784944942
0.571429 0.833333 0.600000 0.0992283499
0.714286 0.833333 0.600000 0.1209615537
0.857143 0.833333 0.600000 0.1436368803
1.000000 0.833333 0.600000 0.1669364807
-1.000000 1.000000 0.600000 -0.1999205196
-0.857143 1.000000 0.600000 -0.1711988804
-0.714286 1.000000 0.600000 -0.1422933459
-0.571429 1.000000 0.600000 -0.1131102857
-0.428571 1.000000 0.600000 -0.0836328427
-0.285714 1.000000 0.600000 -0.0540122572
-0.142857 1.000000 0.600000 -0.0245721155
0.000000 1.000000 0.600000 0.0043394833
0.142857 1.000000 0.600000 0.0325707417
0.285714 1.000000 0.600000 0.0602734571
0.428571 1.000000 0.600000 0.0877957287
0.571429 1.000000 0.600000 0.1154611429
0.714286 1.000000 0.600000 0.1434209398
0.857143 1.000000 0.600000 0.1716582625
1.000000 1.000000 0.600000 0.2000794804
-1.000000 -1.000000 0.800000 0.2000259329
-0.857143 -1.000000 0.800000 0.1715035150
-0.714286 -1.000000 0.800000 0.1430410984
-0.571429 -1.000000 0.800000 0.1146692329
-0.428571 -1.000000 0.800000 0.0863934185
-0.285714 -1.000000 0.800000 0.0581643087
-0.142857 -1.000000 0.800000 0.0298763236
0.000000 -1.000000 0.800000 0.0014158857
0.142857 -1.000000 0.800000 -0.0272665335
0.285714 -1.000000 0.800000 -0.0561214056
0.428571 -1.000000 0.800000 -0.0850351529
0.571429 -1.000000 0.800000 -0.1139021957
0.714286 -1.000000 0.800000 -0.1426731873
0.857143 -1.000000 0.800000 -0.1713536279
1.000000 -1.000000 0.800000 -0.1999740671
-1.000000 -0.833333 0.800000 0.1667547015
-0.857143 -0.833333 0.800000 0.1431115554
-0.714286 -0.833333 0.800000 0.1196720973
-0.571429 -0.833333 0.800000 0.0965400347
-0.428571 -0.833333 0.800000 0.0737340393
-0.285714 -0.833333 0.800000 0.0510865928
-0.142857 -0.833333 0.800000 0.0282392813
0.000000 -0.833333 0.800000 0.0048065401
0.142857 -0.833333 0.800000 -0.0193797663
0.285714 -0.833333 0.800000 -0.0441515025
0.428571 -0.833333 0.800000 -0.0691231036
0.571429 -0.833333 0.800000 -0.0939361558
0.714286 -0.833333 0.800000 -0.1184231408
0.857143 -0.833333 0.800000 -0.1426027303
1.000000 -0.833333 0.800000 -0.1665786318
-1.000000 -0.666667 0.800000 0.1335726369
-0.857143 -0.666667 0.800000 0.1149772794
-0.714286 -0.666667 0.800000 0.0969356030
-0.571429 -0.666667 0.800000 0.0797295146
-0.428571 -0.666667 0.800000 0.0634097685
-0.285714 -0.666667 0.800000 0.0475210030
-0.142857 -0.666667 0.800000 0.0310889484
0.000000 -0.666667 0.800000 0.0130655305
0.142857 -0.666667 0.800000 -0.0070062897
0.285714 -0.666667 0.800000 -0.0286694732
0.428571 -0.666667 0.800000 -0.0508759458
0.571429 -0.666667 0.800000 -0.0726514378
0.714286 -0.666667 0.800000 -0.0935405874
0.857143 -0.666667 0.800000 -0.1135941492
1.000000 -0.666667 0.800000 -0.1330940298
-1.000000 -0.500000 0.800000 0.1005208752
-0.857143 -0.500000 0.800000 0.0872195670
-0.714286 -0.500000 0.800000 0.0751234177
-0.571429 -0.500000 0.800000 0.0648460341
-0.428571 -0.500000 0.800000 0.0564978897
-0.285714 -0.500000 0.800000 0.0490878306
-0.142857 -0.500000 0.800000 0.0404952323
0.000000 -0.500000 0.800000 0.0284388247
0.142857 -0.500000 0.800000 0.0119238037
0.285714 -0.500000 0.800000 -0.0080550265
0.428571 -0.500000 0.800000 -0.0292163961
0.571429 -0.500000 0.800000 -0.0494396802
0.714286 -0.500000 0.800000 -0.0677337251
0.857143 -0.500000 0.800000 -0.0842090044
1.000000 -0.500000 0.800000 -0.0994791248
-1.000000 -0.333333 0.800000 0.0675745048
-0.857143 -0.333333 0.800000 0.0597664254
-0.714286 -0.333333 0.800000 0.0540588285
-0.571429 -0.333333 0.800000 0.0515211745
-0.428571 -0.333333 0.800000 0.0523460089
-0.285714 -0.333333 0.800000 0.0548058408
-0.142857 -0.333333 0.800000 0.0552046142
0.000000 -0.333333 0.800000 0.0495662835
0.142857 -0.333333 0.800000 0.0361569952
0.285714 -0.333333 0.800000 0.0167106027
0.428571 -0.333333 0.800000 -0.0047968482
0.571429 -0.333333 0.800000 -0.0246693017
0.714286 -0.333333 0.800000 -0.0411792668
0.857143 -0.333333 0.800000 -0.0545192889
1.000000 -0.333333 0.800000 -0.0657588285
-1.000000 -0.166667 0.800000 0.0346003235
-0.857143 -0.166667 0.800000 0.0322329130
-0.714286 -0.166667 0.800000 0.0327969620
-0.571429 -0.166667 0.800000 0.0377850227
-0.428571 -0.166667 0.800000 0.0474658140
-0.285714 -0.166667 0.800000 0.0594284281
-0.142857 -0.166667 0.800000 0.0685146034
0.000000 -0.166667 0.800000 0.0691753211
0.142857 -0.166667 0.800000 0.0589907939
0.285714 -0.166667 0.800000 0.0403808091
0.428571 -0.166667 0.800000 0.0188943854
0.571429 -0.166667 0.800000 -0.0003102154
0.714286 -0.166667 0.800000 -0.0148220857
0.857143 -0.166667 0.800000 -0.0249099441
1.000000 -0.166667 0.800000 -0.0320663431
-1.000000 0.000000 0.800000 0.0014158857
-0.857143 0.000000 0.800000 0.0040917787
-0.714286 0.000000 0.800000 0.0100436335
-0.571429 0.000000 0.800000 0.0209394058
-0.428571 0.000000 0.800000 0.0370793941
-0.285714 0.000000 0.800000 0.0557693629
-0.142857 0.000000 0.800000 0.0712448564
0.000000 0.000000 0.800000 0.0773047404
0.142857 0.000000 0.800000 0.0712448564
0.285714 0.000000 0.800000 0.0557693629
0.428571 0.000000 0.800000 0.0370793941
0.571429 0.000000 0.800000 0.0209394058
0.714286 0.000000 0.800000 0.0100436335
0.857143 0.000000 0.800000 0.0040917787
1.000000 0.000000 0.800000 0.0014158857
-1.000000 0.166667 0.800000 -0.0320663431
-0.857143 0.166667 0.800000 -0.0249099441
-0.714286 0.166667 0.800000 -0.0148220857
-0.571429 0.166667 0.800000 -0.0003102154
-0.428571 0.166667 0.800000 0.0188943854
-0.285714 0.166667 0.800000 0.0403808091
-0.142857 0.166667 0.800000 0.0589907939
0.000000 0.166667 0.800000 0.0691753211
0.142857 0.166667 0.800000 0.0685146034
0.285714 0.166667 0.800000 0.0594284281
0.428571 0.166667 0.800000 0.0474658140
0.571429 0.166667 0.800000 0.0377850227
0.714286 0.166667 0.800000 0.0327969620
0.857143 0.166667 0.800000 0.0322329130
1.000000 0.166667 0.800000 0.0346003235
-1.000000 0.333333 0.800000 -0.0657588285
-0.857143 0.333333 0.800000 -0.0545192889
-0.714286 0.333333 0.800000 -0.0411792668
-0.571429 0.333333 0.800000 -0.0246693017
-0.428571 0.333333 0.800000 -0.0047968482
-0.285714 0.333333 0.800000 0.0167106027
-0.142857 0.333333 0.800000 0.0361569952
0.000000 0.333333 0.800000 0.0495662835
0.142857 0.333333 0.800000 0.0552046142
0.285714 0.333333 0.800000 0.0548058408
0.428571 0.333333 0.800000 0.0523460089
0.571429 0.333333 0.800000 0.0515211745
0.714286 0.333333 0.800000 0.0540588285
0.857143 0.333333 0.800000 0.0597664254
1.000000 0.333333 0.800000 0.0675745048
-1.000000 0.500000 0.800000 -0.0994791248
-0.857143 0.500000 0.800000 -0.0842090044
-0.714286 0.500000 0.800000 -0.0677337251
-0.571429 0.500000 0.800000 -0.0494396802
-0.428571 0.500000 0.800000 -0.0292163961
-0.285714 0.500000 0.800000 -0.0080550265
-0.142857 0.500000 0.800000 0.0119238037
0.000000 0.500000 0.800000 0.0284388247
0.142857 0.500000 0.800000 0.0404952323
0.285714 0.500000 0.800000 0.0490878306
0.428571 0.500000 0.800000 0.0564978897
0.571429 0.500000 0.800000 0.0648460341
0.714286 0.500000 0.800000 0.0751234177
0.857143 0.500000 0.800000 0.0872195670
1.000000 0.500000 0.800000 0.1005208752
-1.000000 0.666667 0.800000 -0.1330940298
-0.857143 0.666667 0.800000 -0.1135941492
-0.714286 0.666667 0.800000 -0.0935405874
-0.571429 0.666667 0.800000 -0.0726514378
-0.428571 0.666667 0.800000 -0.0508759458
-0.285714 0.666667 0.800000 -0.0286694732
-0.142857 0.666667 0.800000 -0.0070062897
0.000000 0.666667 0.800000 0.0130655305
0.142857 0.666667 0.800000 0.0310889484
0.285714 0.666667 0.800000 0.0475210030
0.428571 0.666667 0.800000 0.0634097685
0.571429 0.666667 0.800000 0.0797295146
0.714286 0.666667 0.800000 0.0969356030
0.857143 0.666667 0.800000 0.1149772794
1.000000 0.666667 0.800000 0.1335726369
-1.000000 0.833333 0.800000 -0.1665786318
-0.857143 0.833333 0.800000 -0.1426027303
-0.714286 0.833333 0.800000 -0.1184231408
-0.571429 0.833333 0.800000 -0.0939361558
-0.428571 0.833333 0.800000 -0.0691231036
-0.285714 0.833333 0.800000 -0.0441515025
-0.142857 0.833333 0.800000 -0.0193797663
0.000000 0.833333 0.800000 0.0048065401
0.142857 0.833333 0.800000 0.0282392813
0.285714 0.833333 0.800000 0.0510865928
0.428571 0.833333 0.800000 0.0737340393
0.571429 0.833333 0.800000 0.0965400347
0.714286 0.833333 0.800000 0.1196720973
0.857143 0.833333 0.800000 0.1431115554
1.000000 0.833333 0.800000 0.1667547015
-1.000000 1.000000 0.800000 -0.1999740671
-0.857143 1.000000 0.800000 -0.1713536279
-0.714286 1.000000 0.800000 -0.1426731873
-0.571429 1.000000 0.800000 -0.1139021957
-0.428571 1.000000 0.800000 -0.0850351529
-0.285714 1.000000 0.800000 -0.0561214056
-0.142857 1.000000 0.800000 -0.0272665335
0.000000 1.000000 0.800000 0.0014158857
0.142857 1.000000 0.800000 0.0298763236
0.285714 1.000000 0.800000 0.0581643087
0.428571 1.000000 0.800000 0.0863934185
0.571429 1.000000 0.800000 0.1146692329
0.714286 1.000000 0.800000 0.1430410984
0.857143 1.000000 0.800000 0.1715035150
1.000000 1.000000 0.800000 0.2000259329
-1.000000 -1.000000 1.000000 0.2000061442
-0.857143 -1.000000 1.000000 0.1714463276
-0.714286 -1.000000 1.000000 0.1429007270
-0.571429 -1.000000 1.000000 0.1143765805
-0.428571 -1.000000 1.000000 0.0858751911
-0.285714 -1.000000 1.000000 0.0573848674
-0.142857 -1.000000 1.000000 0.0288805944
0.000000 -1.000000 1.000000 0.0003354626
0.142857 -1.000000 1.000000 -0.0282622627
0.285714 -1.000000 1.000000 -0.0569008469
0.428571 -1.000000 1.000000 -0.0855533803
0.571429 -1.000000 1.000000 -0.1141948481
0.714286 -1.000000 1.000000 -0.1428135587
0.857143 -1.000000 1.000000 -0.1714108152
1.000000 -1.000000 1.000000 -0.1999938558
-1.000000 -0.833333 1.000000 0.1666875246
-0.857143 -0.833333 1.000000 0.1429174203
-0.714286 -0.833333 1.000000 0.1191955753
-0.571429 -0.833333 1.000000 0.0955465608
-0.428571 -0.833333 1.000000 0.0719748008
-0.285714 -0.833333 1.000000 0.0484406053
-0.142857 -0.833333 1.000000 0.0248590563
0.000000 -0.833333 1.000000 0.0011388028
0.142857 -0.833333 1.000000 -0.0227599913
0.285714 -0.833333 1.000000 -0.0467974899
0.428571 -0.833333 1.000000 -0.0708823421
0.571429 -0.833333 1.000000 -0.0949296296
0.714286 -0.833333 1.000000 -0.1188996628
0.857143 -0.833333 1.000000 -0.1427968655
1.000000 -0.833333 1.000000 -0.1666458088
-1.000000 -0.666667 1.000000 0.1333900310
-0.857143 -0.666667 1.000000 0.1144495653
-0.714286 -0.666667 1.000000 0.0956402820
-0.571429 -0.666667 1.000000 0.0770289726
-0.428571 -0.666667 1.000000 0.0586276624
-0.285714 -0.666667 1.000000 0.0403284635
-0.142857 -0.666667 1.000000 0.0219005442
0.000000 -0.666667 1.000000 0.0030955869
0.142857 -0.666667 1.000000 -0.0161946939
0.285714 -0.666667 1.000000 -0.0358620127
0.428571 -0.666667 1.000000 -0.0556580519
0.571429 -0.666667 1.000000 -0.0753519798
0.714286 -0.666667 1.000000 -0.0948359085
0.857143 -0.666667 1.000000 -0.1141218633
1.000000 -0.666667 1.000000 -0.1332766357
-1.000000 -0.500000 1.000000 0.1001234098
-0.857143 -0.500000 1.000000 0.0860709286
-0.714286 -0.500000 1.000000 0.0723039831
-0.571429 -0.500000 1.000000 0.0589679536
-0.428571 -0.500000 1.000000 0.0460890144
-0.285714 -0.500000 1.000000 0.0334323337
-0.142857 -0.500000 1.000000 0.0204954766
0.000000 -0.500000 1.000000 0.0067379470
0.142857 -0.500000 1.000000 -0.0080759519
0.285714 -0.500000 1.000000 -0.0237105234
0.428571 -0.500000 1.000000 -0.0396252713
0.571429 -0.500000 1.000000 -0.0553177607
0.714286 -0.500000 1.000000 -0.0705531598
0.857143 -0.500000 1.000000 -0.0853576428
1.000000 -0.500000 1.000000 -0.0998765902
-1.000000 -0.333333 1.000000 0.0668817587
-0.857143 -0.333333 1.000000 0.0577644533
-0.714286 -0.333333 1.000000 0.0491448105
-0.571429 -0.333333 1.000000 0.0412762151
-0.428571 -0.333333 1.000000 0.0342042866
-0.285714 -0.333333 1.000000 0.0275197344
-0.142857 -0.333333 1.000000 0.0203468602
0.000000 -0.333333 1.000000 0.0117436285
0.142857 -0.333333 1.000000 0.0012992412
0.285714 -0.333333 1.000000 -0.0105755037
0.428571 -0.333333 1.000000 -0.0229385705
0.571429 -0.333333 1.000000 -0.0349142611
0.714286 -0.333333 1.000000 -0.0460932848
0.857143 -0.333333 1.000000 -0.0565212610
1.000000 -0.333333 1.000000 -0.0664515746
-1.000000 -0.166667 1.000000 0.0336335185
-0.857143 -0.166667 1.000000 0.0294389359
-0.714286 -0.166667 1.000000 0.0259388974
-0.571429 -0.166667 1.000000 0.0234870301
-0.428571 -0.166667 1.000000 0.0221470009
-0.285714 -0.166667 1.000000 0.0213475990
-0.142857 -0.166667 1.000000 0.0198666888
0.000000 -0.166667 1.000000 0.0163895538
0.142857 -0.166667 1.000000 0.0103428792
0.285714 -0.166667 1.000000 0.0022999799
0.428571 -0.166667 1.000000 -0.0064244276
0.571429 -0.166667 1.000000 -0.0146082080
0.714286 -0.166667 1.000000 -0.0216801502
0.857143 -0.166667 1.000000 -0.0277039213
1.000000 -0.166667 1.000000 -0.0330331482
-1.000000 0.000000 1.000000 0.0003354626
-0.857143 0.000000 1.000000 0.0009694560
-0.714286 0.000000 1.000000 0.0023796156
-0.571429 0.000000 1.000000 0.0049611265
-0.428571 0.000000 1.000000 0.0087851377
-0.285714 0.000000 1.000000 0.0132133102
-0.142857 0.000000 1.000000 0.0168798841
0.000000 0.000000 1.000000 0.0183156389
0.142857 0.000000 1.000000 0.0168798841
0.285714 0.000000 1.000000 0.0132133102
0.428571 0.000000 1.000000 0.0087851377
0.571429 0.000000 1.000000 0.0049611265
0.714286 0.000000 1.000000 0.0023796156
0.857143 0.000000 1.000000 0.0009694560
1.000000 0.000000 1.000000 0.0003354626
-1.000000 0.166667 1.000000 -0.0330331482
-0.857143 0.166667 1.000000 -0.0277039213
-0.714286 0.166667 1.000000 -0.0216801502
-0.571429 0.166667 1.000000 -0.0146082080
-0.428571 0.166667 1.000000 -0.0064244276
-0.285714 0.166667 1.000000 0.0022999799
-0.142857 0.166667 1.000000 0.0103428792
0.000000 0.166667 1.000000 0.0163895538
0.142857 0.166667 1.000000 0.0198666888
0.285714 0.166667 1.000000 0.0213475990
0.428571 0.166667 1.000000 0.0221470009
0.571429 0.166667 1.000000 0.0234870301
0.714286 0.166667 1.000000 0.0259388974
0.857143 0.166667 1.000000 0.0294389359
1.000000 0.166667 1.000000 0.0336335185
-1.000000 0.333333 1.000000 -0.0664515746
-0.857143 0.333333 1.000000 -0.0565212610
-0.714286 0.333333 1.000000 -0.0460932848
-0.571429 0.333333 1.000000 -0.0349142611
-0.428571 0.333333 1.000000 -0.0229385705
-0.285714 0.333333 1.000000 -0.0105755037
-0.142857 0.333333 1.000000 0.0012992412
0.000000 0.333333 1.000000 0.0117436285
0.142857 0.333333 1.000000 0.0203468602
0.285714 0.333333 1.000000 0.0275197344
0.428571 0.333333 1.000000 0.0342042866
0.571429 0.333333 1.000000 0.0412762151
0.714286 0.333333 1.000000 0.0491448105
0.857143 0.333333 1.000000 0.0577644533
1.000000 0.333333 1.000000 0.0668817587
-1.000000 0.500000 1.000000 -0.0998765902
-0.857143 0.500000 1.000000 -0.0853576428
-0.714286 0.500000 1.000000 -0.0705531598
-0.571429 0.500000 1.000000 -0.0553177607
-0.428571 0.500000 1.000000 -0.0396252713
-0.285714 0.500000 1.000000 -0.0237105234
-0.142857 0.500000 1.000000 -0.0080759519
0.000000 0.500000 1.000000 0.0067379470
0.142857 0.500000 1.000000 0.0204954766
0.285714 0.500000 1.000000 0.0334323337
0.428571 0.500000 1.000000 0.0460890144
0.571429 0.500000 1.000000 0.0589679536
0.714286 0.500000 1.000000 0.0723039831
0.857143 0.500000 1.000000 0.0860709286
1.000000 0.500000 1.000000 0.1001234098
-1.000000 0.666667 1.000000 -0.1332766357
-0.857143 0.666667 1.000000 -0.1141218633
-0.714286 0.666667 1.000000 -0.0948359085
-0.571429 0.666667 1.000000 -0.0753519798
-0.428571 0.666667 1.000000 -0.0556580519
-0.285714 0.666667 1.000000 -0.0358620127
-0.142857 0.666667 1.000000 -0.0161946939
0.000000 0.666667 1.000000 0.0030955869
0.142857 0.666667 1.000000 0.0219005442
0.285714 0.666667 1.000000 0.0403284635
0.428571 0.666667 1.000000 0.0586276624
0.571429 0.666667 1.000000 0.0770289726
0.714286 0.666667 1.000000 0.0956402820
0.857143 0.666667 1.000000 0.1144495653
1.000000 0.666667 1.000000 0.1333900310
-1.000000 0.833333 1.000000 -0.1666458088
-0.857143 0.833333 1.000000 -0.1427968655
-0.714286 0.833333 1.000000 -0.1188996628
-0.571429 0.833333 1.000000 -0.0949296296
-0.428571 0.833333 1.000000 -0.0708823421
-0.285714 0.833333 1.000000 -0.0467974899
-0.142857 0.833333 1.000000 -0.0227599913
0.000000 0.833333 1.000000 0.0011388028
0.142857 0.833333 1.000000 0.0248590563
0.285714 0.833333 1.000000 0.0484406053
0.428571 0.833333 1.000000 0.0719748008
0.571429 0.833333 1.000000 0.0955465608
0.714286 0.833333 1.000000 0.1191955753
0.857143 0.833333 1.000000 0.1429174203
1.000000 0.833333 1.000000 0.1666875246
-1.000000 1.000000 1.000000 -0.1999938558
-0.857143 1.000000 1.000000 -0.1714108152
-0.714286 1.000000 1.000000 -0.1428135587
-0.571429 1.000000 1.000000 -0.1141948481
-0.428571 1.000000 1.000000 -0.0855533803
-0.285714 1.000000 1.000000 -0.0569008469
-0.142857 1.000000 1.000000 -0.0282622627
0.000000 1.000000 1.000000 0.0003354626
0.142857 1.000000 1.000000 0.0288805944
0.285714 1.000000 1.000000 0.0573848674
0.428571 1.000000 1.000000 0.0858751911
0.571429 1.000000 1.000000 0.1143765805
0.714286 1.000000 1.000000 0.1429007270
0.857143 1.000000 1.000000 0.1714463276
1.000000 1.000000 1.000000 0.2000061442
