# Example 2D scientific data: x y field
# Columns: x, y, field
-2.000000 -1.500000 0.0019304541
-1.900000 -1.500000 0.0028512437
-1.800000 -1.500000 0.0041278442
-1.700000 -1.500000 0.0058576897
-1.600000 -1.500000 0.0081478597
-1.500000 -1.500000 0.0111089965
-1.400000 -1.500000 0.0148463683
-1.300000 -1.500000 0.0194482147
-1.200000 -1.500000 0.0249720020
-1.100000 -1.500000 0.0314297620
-1.000000 -1.500000 0.0387742078
-0.900000 -1.500000 0.0468876952
-0.800000 -1.500000 0.0555762126
-0.700000 -1.500000 0.0645703469
-0.600000 -1.500000 0.0735345438
-0.500000 -1.500000 0.0820849986
-0.400000 -1.500000 0.0898152946
-0.300000 -1.500000 0.0963276382
-0.200000 -1.500000 0.1012664619
-0.100000 -1.500000 0.1043504848
0.000000 -1.500000 0.1053992246
0.100000 -1.500000 0.1043504848
0.200000 -1.500000 0.1012664619
0.300000 -1.500000 0.0963276382
0.400000 -1.500000 0.0898152946
0.500000 -1.500000 0.0820849986
0.600000 -1.500000 0.0735345438
0.700000 -1.500000 0.0645703469
0.800000 -1.500000 0.0555762126
0.900000 -1.500000 0.0468876952
1.000000 -1.500000 0.0387742078
1.100000 -1.500000 0.0314297620
1.200000 -1.500000 0.0249720020
1.300000 -1.500000 0.0194482147
1.400000 -1.500000 0.0148463683
1.500000 -1.500000 0.0111089965
1.600000 -1.500000 0.0081478597
1.700000 -1.500000 0.0058576897
1.800000 -1.500000 0.0041278442
1.900000 -1.500000 0.0028512437
2.000000 -1.500000 0.0019304541
-2.000000 -1.400000 0.0025799120
-1.900000 -1.400000 0.0038104804
-1.800000 -1.400000 0.0055165644
-1.700000 -1.400000 0.0078283775
-1.600000 -1.400000 0.0108890237
-1.500000 -1.400000 0.0148463683
-1.400000 -1.400000 0.0198410947
-1.300000 -1.400000 0.0259911288
-1.200000 -1.400000 0.0333732700
-1.100000 -1.400000 0.0420035979
-1.000000 -1.400000 0.0518189172
-0.900000 -1.400000 0.0626620047
-0.800000 -1.400000 0.0742735782
-0.700000 -1.400000 0.0862935865
-0.600000 -1.400000 0.0982735856
-0.500000 -1.400000 0.1097006485
-0.400000 -1.400000 0.1200316285
-0.300000 -1.400000 0.1287349036
-0.200000 -1.400000 0.1353352832
-0.100000 -1.400000 0.1394568562
0.000000 -1.400000 0.1408584209
0.100000 -1.400000 0.1394568562
0.200000 -1.400000 0.1353352832
0.300000 -1.400000 0.1287349036
0.400000 -1.400000 0.1200316285
0.500000 -1.400000 0.1097006485
0.600000 -1.400000 0.0982735856
0.700000 -1.400000 0.0862935865
0.800000 -1.400000 0.0742735782
0.900000 -1.400000 0.0626620047
1.000000 -1.400000 0.0518189172
1.100000 -1.400000 0.0420035979
1.200000 -1.400000 0.0333732700
1.300000 -1.400000 0.0259911288
1.400000 -1.400000 0.0198410947
1.500000 -1.400000 0.0148463683
1.600000 -1.400000 0.0108890237
1.700000 -1.400000 0.0078283775
1.800000 -1.400000 0.0055165644
1.900000 -1.400000 0.0038104804
2.000000 -1.400000 0.0025799120
-2.000000 -1.300000 0.0033795930
-1.900000 -1.300000 0.0049915939
-1.800000 -1.300000 0.0072265033
-1.700000 -1.300000 0.0102548963
-1.600000 -1.300000 0.0142642339
-1.500000 -1.300000 0.0194482147
-1.400000 -1.300000 0.0259911288
-1.300000 -1.300000 0.0340474547
-1.200000 -1.300000 0.0437177973
-1.100000 -1.300000 0.0550232201
-1.000000 -1.300000 0.0678809394
-0.900000 -1.300000 0.0820849986
-0.800000 -1.300000 0.0972957471
-0.700000 -1.300000 0.1130415306
-0.600000 -1.300000 0.1287349036
-0.500000 -1.300000 0.1437039498
-0.400000 -1.300000 0.1572371663
-0.300000 -1.300000 0.1686381473
-0.200000 -1.300000 0.1772844100
-0.100000 -1.300000 0.1826835241
0.000000 -1.300000 0.1845195240
0.100000 -1.300000 0.1826835241
0.200000 -1.300000 0.1772844100
0.300000 -1.300000 0.1686381473
0.400000 -1.300000 0.1572371663
0.500000 -1.300000 0.1437039498
0.600000 -1.300000 0.1287349036
0.700000 -1.300000 0.1130415306
0.800000 -1.300000 0.0972957471
0.900000 -1.300000 0.0820849986
1.000000 -1.300000 0.0678809394
1.100000 -1.300000 0.0550232201
1.200000 -1.300000 0.0437177973
1.300000 -1.300000 0.0340474547
1.400000 -1.300000 0.0259911288
1.500000 -1.300000 0.0194482147
1.600000 -1.300000 0.0142642339
1.700000 -1.300000 0.0102548963
1.800000 -1.300000 0.0072265033
1.900000 -1.300000 0.0049915939
2.000000 -1.300000 0.0033795930
-2.000000 -1.200000 0.0043394833
-1.900000 -1.200000 0.0064093334
-1.800000 -1.200000 0.0092790139
-1.700000 -1.200000 0.0131675475
-1.600000 -1.200000 0.0183156389
-1.500000 -1.200000 0.0249720020
-1.400000 -1.200000 0.0333732700
-1.300000 -1.200000 0.0437177973
-1.200000 -1.200000 0.0561347628
-1.100000 -1.200000 0.0706512131
-1.000000 -1.200000 0.0871608515
-0.900000 -1.200000 0.1053992246
-0.800000 -1.200000 0.1249302122
-0.700000 -1.200000 0.1451481985
-0.600000 -1.200000 0.1652988882
-0.500000 -1.200000 0.1845195240
-0.400000 -1.200000 0.2018965180
-0.300000 -1.200000 0.2165356673
-0.200000 -1.200000 0.2276376884
-0.100000 -1.200000 0.2345702881
0.000000 -1.200000 0.2369277587
0.100000 -1.200000 0.2345702881
0.200000 -1.200000 0.2276376884
0.300000 -1.200000 0.2165356673
0.400000 -1.200000 0.2018965180
0.500000 -1.200000 0.1845195240
0.600000 -1.200000 0.1652988882
0.700000 -1.200000 0.1451481985
0.800000 -1.200000 0.1249302122
0.900000 -1.200000 0.1053992246
1.000000 -1.200000 0.0871608515
1.100000 -1.200000 0.0706512131
1.200000 -1.200000 0.0561347628
1.300000 -1.200000 0.0437177973
1.400000 -1.200000 0.0333732700
1.500000 -1.200000 0.0249720020
1.600000 -1.200000 0.0183156389
1.700000 -1.200000 0.0131675475
1.800000 -1.200000 0.0092790139
1.900000 -1.200000 0.0064093334
2.000000 -1.200000 0.0043394833
-2.000000 -1.100000 0.0054616737
-1.900000 -1.100000 0.0080667871
-1.800000 -1.100000 0.0116785670
-1.700000 -1.100000 0.0165726754
-1.600000 -1.100000 0.0230520633
-1.500000 -1.100000 0.0314297620
-1.400000 -1.100000 0.0420035979
-1.300000 -1.100000 0.0550232201
-1.200000 -1.100000 0.0706512131
-1.100000 -1.100000 0.0889216175
-1.000000 -1.100000 0.1097006485
-0.900000 -1.100000 0.1326554651
-0.800000 -1.100000 0.1572371663
-0.700000 -1.100000 0.1826835241
-0.600000 -1.100000 0.2080451824
-0.500000 -1.100000 0.2322362747
-0.400000 -1.100000 0.2541069596
-0.300000 -1.100000 0.2725317930
-0.200000 -1.100000 0.2865047969
-0.100000 -1.100000 0.2952301669
0.000000 -1.100000 0.2981972794
0.100000 -1.100000 0.2952301669
0.200000 -1.100000 0.2865047969
0.300000 -1.100000 0.2725317930
0.400000 -1.100000 0.2541069596
0.500000 -1.100000 0.2322362747
0.600000 -1.100000 0.2080451824
0.700000 -1.100000 0.1826835241
0.800000 -1.100000 0.1572371663
0.900000 -1.100000 0.1326554651
1.000000 -1.100000 0.1097006485
1.100000 -1.100000 0.0889216175
1.200000 -1.100000 0.0706512131
1.300000 -1.100000 0.0550232201
1.400000 -1.100000 0.0420035979
1.500000 -1.100000 0.0314297620
1.600000 -1.100000 0.0230520633
1.700000 -1.100000 0.0165726754
1.800000 -1.100000 0.0116785670
1.900000 -1.100000 0.0080667871
2.000000 -1.100000 0.0054616737
-2.000000 -1.000000 0.0067379470
-1.900000 -1.000000 0.0099518183
-1.800000 -1.000000 0.0144075918
-1.700000 -1.000000 0.0204453460
-1.600000 -1.000000 0.0284388247
-1.500000 -1.000000 0.0387742078
-1.400000 -1.000000 0.0518189172
-1.300000 -1.000000 0.0678809394
-1.200000 -1.000000 0.0871608515
-1.100000 -1.000000 0.1097006485
-1.000000 -1.000000 0.1353352832
-0.900000 -1.000000 0.1636541368
-0.800000 -1.000000 0.1939800423
-0.700000 -1.000000 0.2253726555
-0.600000 -1.000000 0.2566607770
-0.500000 -1.000000 0.2865047969
-0.400000 -1.000000 0.3134861809
-0.300000 -1.000000 0.3362164937
-0.200000 -1.000000 0.3534546820
-0.100000 -1.000000 0.3642189796
0.000000 -1.000000 0.3678794412
0.100000 -1.000000 0.3642189796
0.200000 -1.000000 0.3534546820
0.300000 -1.000000 0.3362164937
0.400000 -1.000000 0.3134861809
0.500000 -1.000000 0.2865047969
0.600000 -1.000000 0.2566607770
0.700000 -1.000000 0.2253726555
0.800000 -1.000000 0.1939800423
0.900000 -1.000000 0.1636541368
1.000000 -1.000000 0.1353352832
1.100000 -1.000000 0.1097006485
1.200000 -1.000000 0.0871608515
1.300000 -1.000000 0.0678809394
1.400000 -1.000000 0.0518189172
1.500000 -1.000000 0.0387742078
1.600000 -1.000000 0.0284388247
1.700000 -1.000000 0.0204453460
1.800000 -1.000000 0.0144075918
1.900000 -1.000000 0.0099518183
2.000000 -1.000000 0.0067379470
-2.000000 -0.900000 0.0081478597
-1.900000 -0.900000 0.0120342323
-1.800000 -0.900000 0.0174223746
-1.700000 -0.900000 0.0247235265
-1.600000 -0.900000 0.0343896373
-1.500000 -0.900000 0.0468876952
-1.400000 -0.900000 0.0626620047
-1.300000 -0.900000 0.0820849986
-1.200000 -0.900000 0.1053992246
-1.100000 -0.900000 0.1326554651
-1.000000 -0.900000 0.1636541368
-0.900000 -0.900000 0.1978986991
-0.800000 -0.900000 0.2345702881
-0.700000 -0.900000 0.2725317930
-0.600000 -0.900000 0.3103669413
-0.500000 -0.900000 0.3464558103
-0.400000 -0.900000 0.3790830381
-0.300000 -0.900000 0.4065696597
-0.200000 -0.900000 0.4274149319
-0.100000 -0.900000 0.4404316545
0.000000 -0.900000 0.4448580662
0.100000 -0.900000 0.4404316545
0.200000 -0.900000 0.4274149319
0.300000 -0.900000 0.4065696597
0.400000 -0.900000 0.3790830381
0.500000 -0.900000 0.3464558103
0.600000 -0.900000 0.3103669413
0.700000 -0.900000 0.2725317930
0.800000 -0.900000 0.2345702881
0.900000 -0.900000 0.1978986991
1.000000 -0.900000 0.1636541368
1.100000 -0.900000 0.1326554651
1.200000 -0.900000 0.1053992246
1.300000 -0.900000 0.0820849986
1.400000 -0.900000 0.0626620047
1.500000 -0.900000 0.0468876952
1.600000 -0.900000 0.0343896373
1.700000 -0.900000 0.0247235265
1.800000 -0.900000 0.0174223746
1.900000 -0.900000 0.0120342323
2.000000 -0.900000 0.0081478597
-2.000000 -0.800000 0.0096576976
-1.900000 -0.800000 0.0142642339
-1.800000 -0.800000 0.0206508252
-1.700000 -0.800000 0.0293049159
-1.600000 -0.800000 0.0407622040
-1.500000 -0.800000 0.0555762126
-1.400000 -0.800000 0.0742735782
-1.300000 -0.800000 0.0972957471
-1.200000 -0.800000 0.1249302122
-1.100000 -0.800000 0.1572371663
-1.000000 -0.800000 0.1939800423
-0.900000 -0.800000 0.2345702881
-0.800000 -0.800000 0.2780373005
-0.700000 -0.800000 0.3230332564
-0.600000 -0.800000 0.3678794412
-0.500000 -0.800000 0.4106557528
-0.400000 -0.800000 0.4493289641
-0.300000 -0.800000 0.4819089901
-0.200000 -0.800000 0.5066169924
-0.100000 -0.800000 0.5220457768
0.000000 -0.800000 0.5272924240
0.100000 -0.800000 0.5220457768
0.200000 -0.800000 0.5066169924
0.300000 -0.800000 0.4819089901
0.400000 -0.800000 0.4493289641
0.500000 -0.800000 0.4106557528
0.600000 -0.800000 0.3678794412
0.700000 -0.800000 0.3230332564
0.800000 -0.800000 0.2780373005
0.900000 -0.800000 0.2345702881
1.000000 -0.800000 0.1939800423
1.100000 -0.800000 0.1572371663
1.200000 -0.800000 0.1249302122
1.300000 -0.800000 0.0972957471
1.400000 -0.800000 0.0742735782
1.500000 -0.800000 0.0555762126
1.600000 -0.800000 0.0407622040
1.700000 -0.800000 0.0293049159
1.800000 -0.800000 0.0206508252
1.900000 -0.800000 0.0142642339
2.000000 -0.800000 0.0096576976
-2.000000 -0.700000 0.0112206438
-1.900000 -0.700000 0.0165726754
-1.800000 -0.700000 0.0239928358
-1.700000 -0.700000 0.0340474547
-1.600000 -0.700000 0.0473589244
-1.500000 -0.700000 0.0645703469
-1.400000 -0.700000 0.0862935865
-1.300000 -0.700000 0.1130415306
-1.200000 -0.700000 0.1451481985
-1.100000 -0.700000 0.1826835241
-1.000000 -0.700000 0.2253726555
-0.900000 -0.700000 0.2725317930
-0.800000 -0.700000 0.3230332564
-0.700000 -0.700000 0.3753110989
-0.600000 -0.700000 0.4274149319
-0.500000 -0.700000 0.4771139155
-0.400000 -0.700000 0.5220457768
-0.300000 -0.700000 0.5598983666
-0.200000 -0.700000 0.5886049697
-0.100000 -0.700000 0.6065306597
0.000000 -0.700000 0.6126263942
0.100000 -0.700000 0.6065306597
0.200000 -0.700000 0.5886049697
0.300000 -0.700000 0.5598983666
0.400000 -0.700000 0.5220457768
0.500000 -0.700000 0.4771139155
0.600000 -0.700000 0.4274149319
0.700000 -0.700000 0.3753110989
0.800000 -0.700000 0.3230332564
0.900000 -0.700000 0.2725317930
1.000000 -0.700000 0.2253726555
1.100000 -0.700000 0.1826835241
1.200000 -0.700000 0.1451481985
1.300000 -0.700000 0.1130415306
1.400000 -0.700000 0.0862935865
1.500000 -0.700000 0.0645703469
1.600000 -0.700000 0.0473589244
1.700000 -0.700000 0.0340474547
1.800000 -0.700000 0.0239928358
1.900000 -0.700000 0.0165726754
2.000000 -0.700000 0.0112206438
-2.000000 -0.600000 0.0127783876
-1.900000 -0.600000 0.0188734331
-1.800000 -0.600000 0.0273237224
-1.700000 -0.600000 0.0387742078
-1.600000 -0.600000 0.0539336873
-1.500000 -0.600000 0.0735345438
-1.400000 -0.600000 0.0982735856
-1.300000 -0.600000 0.1287349036
-1.200000 -0.600000 0.1652988882
-1.100000 -0.600000 0.2080451824
-1.000000 -0.600000 0.2566607770
-0.900000 -0.600000 0.3103669413
-0.800000 -0.600000 0.3678794412
-0.700000 -0.600000 0.4274149319
-0.600000 -0.600000 0.4867522560
-0.500000 -0.600000 0.5433508691
-0.400000 -0.600000 0.5945205480
-0.300000 -0.600000 0.6376281516
-0.200000 -0.600000 0.6703200460
-0.100000 -0.600000 0.6907343306
0.000000 -0.600000 0.6976763261
0.100000 -0.600000 0.6907343306
0.200000 -0.600000 0.6703200460
0.300000 -0.600000 0.6376281516
0.400000 -0.600000 0.5945205480
0.500000 -0.600000 0.5433508691
0.600000 -0.600000 0.4867522560
0.700000 -0.600000 0.4274149319
0.800000 -0.600000 0.3678794412
0.900000 -0.600000 0.3103669413
1.000000 -0.600000 0.2566607770
1.100000 -0.600000 0.2080451824
1.200000 -0.600000 0.1652988882
1.300000 -0.600000 0.1287349036
1.400000 -0.600000 0.0982735856
1.500000 -0.600000 0.0735345438
1.600000 -0.600000 0.0539336873
1.700000 -0.600000 0.0387742078
1.800000 -0.600000 0.0273237224
1.900000 -0.600000 0.0188734331
2.000000 -0.600000 0.0127783876
-2.000000 -0.500000 0.0142642339
-1.900000 -0.500000 0.0210679995
-1.800000 -0.500000 0.0305008722
-1.700000 -0.500000 0.0432827979
-1.600000 -0.500000 0.0602049924
-1.500000 -0.500000 0.0820849986
-1.400000 -0.500000 0.1097006485
-1.300000 -0.500000 0.1437039498
-1.200000 -0.500000 0.1845195240
-1.100000 -0.500000 0.2322362747
-1.000000 -0.500000 0.2865047969
-0.900000 -0.500000 0.3464558103
-0.800000 -0.500000 0.4106557528
-0.700000 -0.500000 0.4771139155
-0.600000 -0.500000 0.5433508691
-0.500000 -0.500000 0.6065306597
-0.400000 -0.500000 0.6636502501
-0.300000 -0.500000 0.7117703228
-0.200000 -0.500000 0.7482635676
-0.100000 -0.500000 0.7710515858
0.000000 -0.500000 0.7788007831
0.100000 -0.500000 0.7710515858
0.200000 -0.500000 0.7482635676
0.300000 -0.500000 0.7117703228
0.400000 -0.500000 0.6636502501
0.500000 -0.500000 0.6065306597
0.600000 -0.500000 0.5433508691
0.700000 -0.500000 0.4771139155
0.800000 -0.500000 0.4106557528
0.900000 -0.500000 0.3464558103
1.000000 -0.500000 0.2865047969
1.100000 -0.500000 0.2322362747
1.200000 -0.500000 0.1845195240
1.300000 -0.500000 0.1437039498
1.400000 -0.500000 0.1097006485
1.500000 -0.500000 0.0820849986
1.600000 -0.500000 0.0602049924
1.700000 -0.500000 0.0432827979
1.800000 -0.500000 0.0305008722
1.900000 -0.500000 0.0210679995
2.000000 -0.500000 0.0142642339
-2.000000 -0.400000 0.0156075579
-1.900000 -0.400000 0.0230520633
-1.800000 -0.400000 0.0333732700
-1.700000 -0.400000 0.0473589244
-1.600000 -0.400000 0.0658747544
-1.500000 -0.400000 0.0898152946
-1.400000 -0.400000 0.1200316285
-1.300000 -0.400000 0.1572371663
-1.200000 -0.400000 0.2018965180
-1.100000 -0.400000 0.2541069596
-1.000000 -0.400000 0.3134861809
-0.900000 -0.400000 0.3790830381
-0.800000 -0.400000 0.4493289641
-0.700000 -0.400000 0.5220457768
-0.600000 -0.400000 0.5945205480
-0.500000 -0.400000 0.6636502501
-0.400000 -0.400000 0.7261490371
-0.300000 -0.400000 0.7788007831
-0.200000 -0.400000 0.8187307531
-0.100000 -0.400000 0.8436648166
0.000000 -0.400000 0.8521437890
0.100000 -0.400000 0.8436648166
0.200000 -0.400000 0.8187307531
0.300000 -0.400000 0.7788007831
0.400000 -0.400000 0.7261490371
0.500000 -0.400000 0.6636502501
0.600000 -0.400000 0.5945205480
0.700000 -0.400000 0.5220457768
0.800000 -0.400000 0.4493289641
0.900000 -0.400000 0.3790830381
1.000000 -0.400000 0.3134861809
1.100000 -0.400000 0.2541069596
1.200000 -0.400000 0.2018965180
1.300000 -0.400000 0.1572371663
1.400000 -0.400000 0.1200316285
1.500000 -0.400000 0.0898152946
1.600000 -0.400000 0.0658747544
1.700000 -0.400000 0.0473589244
1.800000 -0.400000 0.0333732700
1.900000 -0.400000 0.0230520633
2.000000 -0.400000 0.0156075579
-2.000000 -0.300000 0.0167392336
-1.900000 -0.300000 0.0247235265
-1.800000 -0.300000 0.0357931051
-1.700000 -0.300000 0.0507928339
-1.600000 -0.300000 0.0706512131
-1.500000 -0.300000 0.0963276382
-1.400000 -0.300000 0.1287349036
-1.300000 -0.300000 0.1686381473
-1.200000 -0.300000 0.2165356673
-1.100000 -0.300000 0.2725317930
-1.000000 -0.300000 0.3362164937
-0.900000 -0.300000 0.4065696597
-0.800000 -0.300000 0.4819089901
-0.700000 -0.300000 0.5598983666
-0.600000 -0.300000 0.6376281516
-0.500000 -0.300000 0.7117703228
-0.400000 -0.300000 0.7788007831
-0.300000 -0.300000 0.8352702114
-0.200000 -0.300000 0.8780954309
-0.100000 -0.300000 0.9048374180
0.000000 -0.300000 0.9139311853
0.100000 -0.300000 0.9048374180
0.200000 -0.300000 0.8780954309
0.300000 -0.300000 0.8352702114
0.400000 -0.300000 0.7788007831
0.500000 -0.300000 0.7117703228
0.600000 -0.300000 0.6376281516
0.700000 -0.300000 0.5598983666
0.800000 -0.300000 0.4819089901
0.900000 -0.300000 0.4065696597
1.000000 -0.300000 0.3362164937
1.100000 -0.300000 0.2725317930
1.200000 -0.300000 0.2165356673
1.300000 -0.300000 0.1686381473
1.400000 -0.300000 0.1287349036
1.500000 -0.300000 0.0963276382
1.600000 -0.300000 0.0706512131
1.700000 -0.300000 0.0507928339
1.800000 -0.300000 0.0357931051
1.900000 -0.300000 0.0247235265
2.000000 -0.300000 0.0167392336
-2.000000 -0.200000 0.0175974724
-1.900000 -0.200000 0.0259911288
-1.800000 -0.200000 0.0376282568
-1.700000 -0.200000 0.0533970381
-1.600000 -0.200000 0.0742735782
-1.500000 -0.200000 0.1012664619
-1.400000 -0.200000 0.1353352832
-1.300000 -0.200000 0.1772844100
-1.200000 -0.200000 0.2276376884
-1.100000 -0.200000 0.2865047969
-1.000000 -0.200000 0.3534546820
-0.900000 -0.200000 0.4274149319
-0.800000 -0.200000 0.5066169924
-0.700000 -0.200000 0.5886049697
-0.600000 -0.200000 0.6703200460
-0.500000 -0.200000 0.7482635676
-0.400000 -0.200000 0.8187307531
-0.300000 -0.200000 0.8780954309
-0.200000 -0.200000 0.9231163464
-0.100000 -0.200000 0.9512294245
0.000000 -0.200000 0.9607894392
0.100000 -0.200000 0.9512294245
0.200000 -0.200000 0.9231163464
0.300000 -0.200000 0.8780954309
0.400000 -0.200000 0.8187307531
0.500000 -0.200000 0.7482635676
0.600000 -0.200000 0.6703200460
0.700000 -0.200000 0.5886049697
0.800000 -0.200000 0.5066169924
0.900000 -0.200000 0.4274149319
1.000000 -0.200000 0.3534546820
1.100000 -0.200000 0.2865047969
1.200000 -0.200000 0.2276376884
1.300000 -0.200000 0.1772844100
1.400000 -0.200000 0.1353352832
1.500000 -0.200000 0.1012664619
1.600000 -0.200000 0.0742735782
1.700000 -0.200000 0.0533970381
1.800000 -0.200000 0.0376282568
1.900000 -0.200000 0.0259911288
2.000000 -0.200000 0.0175974724
-2.000000 -0.100000 0.0181333952
-1.900000 -0.100000 0.0267826765
-1.800000 -0.100000 0.0387742078
-1.700000 -0.100000 0.0550232201
-1.600000 -0.100000 0.0765355454
-1.500000 -0.100000 0.1043504848
-1.400000 -0.100000 0.1394568562
-1.300000 -0.100000 0.1826835241
-1.200000 -0.100000 0.2345702881
-1.100000 -0.100000 0.2952301669
-1.000000 -0.100000 0.3642189796
-0.900000 -0.100000 0.4404316545
-0.800000 -0.100000 0.5220457768
-0.700000 -0.100000 0.6065306597
-0.600000 -0.100000 0.6907343306
-0.500000 -0.100000 0.7710515858
-0.400000 -0.100000 0.8436648166
-0.300000 -0.100000 0.9048374180
-0.200000 -0.100000 0.9512294245
-0.100000 -0.100000 0.9801986733
0.000000 -0.100000 0.9900498337
0.100000 -0.100000 0.9801986733
0.200000 -0.100000 0.9512294245
0.300000 -0.100000 0.9048374180
0.400000 -0.100000 0.8436648166
0.500000 -0.100000 0.7710515858
0.600000 -0.100000 0.6907343306
0.700000 -0.100000 0.6065306597
0.800000 -0.100000 0.5220457768
0.900000 -0.100000 0.4404316545
1.000000 -0.100000 0.3642189796
1.100000 -0.100000 0.2952301669
1.200000 -0.100000 0.2345702881
1.300000 -0.100000 0.1826835241
1.400000 -0.100000 0.1394568562
1.500000 -0.100000 0.1043504848
1.600000 -0.100000 0.0765355454
1.700000 -0.100000 0.0550232201
1.800000 -0.100000 0.0387742078
1.900000 -0.100000 0.0267826765
2.000000 -0.100000 0.0181333952
-2.000000 0.000000 0.0183156389
-1.900000 0.000000 0.0270518469
-1.800000 0.000000 0.0391638951
-1.700000 0.000000 0.0555762126
-1.600000 0.000000 0.0773047404
-1.500000 0.000000 0.1053992246
-1.400000 0.000000 0.1408584209
-1.300000 0.000000 0.1845195240
-1.200000 0.000000 0.2369277587
-1.100000 0.000000 0.2981972794
-1.000000 0.000000 0.3678794412
-0.900000 0.000000 0.4448580662
-0.800000 0.000000 0.5272924240
-0.700000 0.000000 0.6126263942
-0.600000 0.000000 0.6976763261
-0.500000 0.000000 0.7788007831
-0.400000 0.000000 0.8521437890
-0.300000 0.000000 0.9139311853
-0.200000 0.000000 0.9607894392
-0.100000 0.000000 0.9900498337
0.000000 0.000000 1.0000000000
0.100000 0.000000 0.9900498337
0.200000 0.000000 0.9607894392
0.300000 0.000000 0.9139311853
0.400000 0.000000 0.8521437890
0.500000 0.000000 0.7788007831
0.600000 0.000000 0.6976763261
0.700000 0.000000 0.6126263942
0.800000 0.000000 0.5272924240
0.900000 0.000000 0.4448580662
1.000000 0.000000 0.3678794412
1.100000 0.000000 0.2981972794
1.200000 0.000000 0.2369277587
1.300000 0.000000 0.1845195240
1.400000 0.000000 0.1408584209
1.500000 0.000000 0.1053992246
1.600000 0.000000 0.0773047404
1.700000 0.000000 0.0555762126
1.800000 0.000000 0.0391638951
1.900000 0.000000 0.0270518469
2.000000 0.000000 0.0183156389
-2.000000 0.100000 0.0181333952
-1.900000 0.100000 0.0267826765
-1.800000 0.100000 0.0387742078
-1.700000 0.100000 0.0550232201
-1.600000 0.100000 0.0765355454
-1.500000 0.100000 0.1043504848
-1.400000 0.100000 0.1394568562
-1.300000 0.100000 0.1826835241
-1.200000 0.100000 0.2345702881
-1.100000 0.100000 0.2952301669
-1.000000 0.100000 0.3642189796
-0.900000 0.100000 0.4404316545
-0.800000 0.100000 0.5220457768
-0.700000 0.100000 0.6065306597
-0.600000 0.100000 0.6907343306
-0.500000 0.100000 0.7710515858
-0.400000 0.100000 0.8436648166
-0.300000 0.100000 0.9048374180
-0.200000 0.100000 0.9512294245
-0.100000 0.100000 0.9801986733
0.000000 0.100000 0.9900498337
0.100000 0.100000 0.9801986733
0.200000 0.100000 0.9512294245
0.300000 0.100000 0.9048374180
0.400000 0.100000 0.8436648166
0.500000 0.100000 0.7710515858
0.600000 0.100000 0.6907343306
0.700000 0.100000 0.6065306597
0.800000 0.100000 0.5220457768
0.900000 0.100000 0.4404316545
1.000000 0.100000 0.3642189796
1.100000 0.100000 0.2952301669
1.200000 0.100000 0.2345702881
1.300000 0.100000 0.1826835241
1.400000 0.100000 0.1394568562
1.500000 0.100000 0.1043504848
1.600000 0.100000 0.0765355454
1.700000 0.100000 0.0550232201
1.800000 0.100000 0.0387742078
1.900000 0.100000 0.0267826765
2.000000 0.100000 0.0181333952
-2.000000 0.200000 0.0175974724
-1.900000 0.200000 0.0259911288
-1.800000 0.200000 0.0376282568
-1.700000 0.200000 0.0533970381
-1.600000 0.200000 0.0742735782
-1.500000 0.200000 0.1012664619
-1.400000 0.200000 0.1353352832
-1.300000 0.200000 0.1772844100
-1.200000 0.200000 0.2276376884
-1.100000 0.200000 0.2865047969
-1.000000 0.200000 0.3534546820
-0.900000 0.200000 0.4274149319
-0.800000 0.200000 0.5066169924
-0.700000 0.200000 0.5886049697
-0.600000 0.200000 0.6703200460
-0.500000 0.200000 0.7482635676
-0.400000 0.200000 0.8187307531
-0.300000 0.200000 0.8780954309
-0.200000 0.200000 0.9231163464
-0.100000 0.200000 0.9512294245
0.000000 0.200000 0.9607894392
0.100000 0.200000 0.9512294245
0.200000 0.200000 0.9231163464
0.300000 0.200000 0.8780954309
0.400000 0.200000 0.8187307531
0.500000 0.200000 0.7482635676
0.600000 0.200000 0.6703200460
0.700000 0.200000 0.5886049697
0.800000 0.200000 0.5066169924
0.900000 0.200000 0.4274149319
1.000000 0.200000 0.3534546820
1.100000 0.200000 0.2865047969
1.200000 0.200000 0.2276376884
1.300000 0.200000 0.1772844100
1.400000 0.200000 0.1353352832
1.500000 0.200000 0.1012664619
1.600000 0.200000 0.0742735782
1.700000 0.200000 0.0533970381
1.800000 0.200000 0.0376282568
1.900000 0.200000 0.0259911288
2.000000 0.200000 0.0175974724
-2.000000 0.300000 0.0167392336
-1.900000 0.300000 0.0247235265
-1.800000 0.300000 0.0357931051
-1.700000 0.300000 0.0507928339
-1.600000 0.300000 0.0706512131
-1.500000 0.300000 0.0963276382
-1.400000 0.300000 0.1287349036
-1.300000 0.300000 0.1686381473
-1.200000 0.300000 0.2165356673
-1.100000 0.300000 0.2725317930
-1.000000 0.300000 0.3362164937
-0.900000 0.300000 0.4065696597
-0.800000 0.300000 0.4819089901
-0.700000 0.300000 0.5598983666
-0.600000 0.300000 0.6376281516
-0.500000 0.300000 0.7117703228
-0.400000 0.300000 0.7788007831
-0.300000 0.300000 0.8352702114
-0.200000 0.300000 0.8780954309
-0.100000 0.300000 0.9048374180
0.000000 0.300000 0.9139311853
0.100000 0.300000 0.9048374180
0.200000 0.300000 0.8780954309
0.300000 0.300000 0.8352702114
0.400000 0.300000 0.7788007831
0.500000 0.300000 0.7117703228
0.600000 0.300000 0.6376281516
0.700000 0.300000 0.5598983666
0.800000 0.300000 0.4819089901
0.900000 0.300000 0.4065696597
1.000000 0.300000 0.3362164937
1.100000 0.300000 0.2725317930
1.200000 0.300000 0.2165356673
1.300000 0.300000 0.1686381473
1.400000 0.300000 0.1287349036
1.500000 0.300000 0.0963276382
1.600000 0.300000 0.0706512131
1.700000 0.300000 0.0507928339
1.800000 0.300000 0.0357931051
1.900000 0.300000 0.0247235265
2.000000 0.300000 0.0167392336
-2.000000 0.400000 0.0156075579
-1.900000 0.400000 0.0230520633
-1.800000 0.400000 0.0333732700
-1.700000 0.400000 0.0473589244
-1.600000 0.400000 0.0658747544
-1.500000 0.400000 0.0898152946
-1.400000 0.400000 0.1200316285
-1.300000 0.400000 0.1572371663
-1.200000 0.400000 0.2018965180
-1.100000 0.400000 0.2541069596
-1.000000 0.400000 0.3134861809
-0.900000 0.400000 0.3790830381
-0.800000 0.400000 0.4493289641
-0.700000 0.400000 0.5220457768
-0.600000 0.400000 0.5945205480
-0.500000 0.400000 0.6636502501
-0.400000 0.400000 0.7261490371
-0.300000 0.400000 0.7788007831
-0.200000 0.400000 0.8187307531
-0.100000 0.400000 0.8436648166
0.000000 0.400000 0.8521437890
0.100000 0.400000 0.8436648166
0.200000 0.400000 0.8187307531
0.300000 0.400000 0.7788007831
0.400000 0.400000 0.7261490371
0.500000 0.400000 0.6636502501
0.600000 0.400000 0.5945205480
0.700000 0.400000 0.5220457768
0.800000 0.400000 0.4493289641
0.900000 0.400000 0.3790830381
1.000000 0.400000 0.3134861809
1.100000 0.400000 0.2541069596
1.200000 0.400000 0.2018965180
1.300000 0.400000 0.1572371663
1.400000 0.400000 0.1200316285
1.500000 0.400000 0.0898152946
1.600000 0.400000 0.0658747544
1.700000 0.400000 0.0473589244
1.800000 0.400000 0.0333732700
1.900000 0.400000 0.0230520633
2.000000 0.400000 0.0156075579
-2.000000 0.500000 0.0142642339
-1.900000 0.500000 0.0210679995
-1.800000 0.500000 0.0305008722
-1.700000 0.500000 0.0432827979
-1.600000 0.500000 0.0602049924
-1.500000 0.500000 0.0820849986
-1.400000 0.500000 0.1097006485
-1.300000 0.500000 0.1437039498
-1.200000 0.500000 0.1845195240
-1.100000 0.500000 0.2322362747
-1.000000 0.500000 0.2865047969
-0.900000 0.500000 0.3464558103
-0.800000 0.500000 0.4106557528
-0.700000 0.500000 0.4771139155
-0.600000 0.500000 0.5433508691
-0.500000 0.500000 0.6065306597
-0.400000 0.500000 0.6636502501
-0.300000 0.500000 0.7117703228
-0.200000 0.500000 0.7482635676
-0.100000 0.500000 0.7710515858
0.000000 0.500000 0.7788007831
0.100000 0.500000 0.7710515858
0.200000 0.500000 0.7482635676
0.300000 0.500000 0.7117703228
0.400000 0.500000 0.6636502501
0.500000 0.500000 0.6065306597
0.600000 0.500000 0.5433508691
0.700000 0.500000 0.4771139155
0.800000 0.500000 0.4106557528
0.900000 0.500000 0.3464558103
1.000000 0.500000 0.2865047969
1.100000 0.500000 0.2322362747
1.200000 0.500000 0.1845195240
1.300000 0.500000 0.1437039498
1.400000 0.500000 0.1097006485
1.500000 0.500000 0.0820849986
1.600000 0.500000 0.0602049924
1.700000 0.500000 0.0432827979
1.800000 0.500000 0.0305008722
1.900000 0.500000 0.0210679995
2.000000 0.500000 0.0142642339
-2.000000 0.600000 0.0127783876
-1.900000 0.600000 0.0188734331
-1.800000 0.600000 0.0273237224
-1.700000 0.600000 0.0387742078
-1.600000 0.600000 0.0539336873
-1.500000 0.600000 0.0735345438
-1.400000 0.600000 0.0982735856
-1.300000 0.600000 0.1287349036
-1.200000 0.600000 0.1652988882
-1.100000 0.600000 0.2080451824
-1.000000 0.600000 0.2566607770
-0.900000 0.600000 0.3103669413
-0.800000 0.600000 0.3678794412
-0.700000 0.600000 0.4274149319
-0.600000 0.600000 0.4867522560
-0.500000 0.600000 0.5433508691
-0.400000 0.600000 0.5945205480
-0.300000 0.600000 0.6376281516
-0.200000 0.600000 0.6703200460
-0.100000 0.600000 0.6907343306
0.000000 0.600000 0.6976763261
0.100000 0.600000 0.6907343306
0.200000 0.600000 0.6703200460
0.300000 0.600000 0.6376281516
0.400000 0.600000 0.5945205480
0.500000 0.600000 0.5433508691
0.600000 0.600000 0.4867522560
0.700000 0.600000 0.4274149319
0.800000 0.600000 0.3678794412
0.900000 0.600000 0.3103669413
1.000000 0.600000 0.2566607770
1.100000 0.600000 0.2080451824
1.200000 0.600000 0.1652988882
1.300000 0.600000 0.1287349036
1.400000 0.600000 0.0982735856
1.500000 0.600000 0.0735345438
1.600000 0.600000 0.0539336873
1.700000 0.600000 0.0387742078
1.800000 0.600000 0.0273237224
1.900000 0.600000 0.0188734331
2.000000 0.600000 0.0127783876
-2.000000 0.700000 0.0112206438
-1.900000 0.700000 0.0165726754
-1.800000 0.700000 0.0239928358
-1.700000 0.700000 0.0340474547
-1.600000 0.700000 0.0473589244
-1.500000 0.700000 0.0645703469
-1.400000 0.700000 0.0862935865
-1.300000 0.700000 0.1130415306
-1.200000 0.700000 0.1451481985
-1.100000 0.700000 0.1826835241
-1.000000 0.700000 0.2253726555
-0.900000 0.700000 0.2725317930
-0.800000 0.700000 0.3230332564
-0.700000 0.700000 0.3753110989
-0.600000 0.700000 0.4274149319
-0.500000 0.700000 0.4771139155
-0.400000 0.700000 0.5220457768
-0.300000 0.700000 0.5598983666
-0.200000 0.700000 0.5886049697
-0.100000 0.700000 0.6065306597
0.000000 0.700000 0.6126263942
0.100000 0.700000 0.6065306597
0.200000 0.700000 0.5886049697
0.300000 0.700000 0.5598983666
0.400000 0.700000 0.5220457768
0.500000 0.700000 0.4771139155
0.600000 0.700000 0.4274149319
0.700000 0.700000 0.3753110989
0.800000 0.700000 0.3230332564
0.900000 0.700000 0.2725317930
1.000000 0.700000 0.2253726555
1.100000 0.700000 0.1826835241
1.200000 0.700000 0.1451481985
1.300000 0.700000 0.1130415306
1.400000 0.700000 0.0862935865
1.500000 0.700000 0.0645703469
1.600000 0.700000 0.0473589244
1.700000 0.700000 0.0340474547
1.800000 0.700000 0.0239928358
1.900000 0.700000 0.0165726754
2.000000 0.700000 0.0112206438
-2.000000 0.800000 0.0096576976
-1.900000 0.800000 0.0142642339
-1.800000 0.800000 0.0206508252
-1.700000 0.800000 0.0293049159
-1.600000 0.800000 0.0407622040
-1.500000 0.800000 0.0555762126
-1.400000 0.800000 0.0742735782
-1.300000 0.800000 0.0972957471
-1.200000 0.800000 0.1249302122
-1.100000 0.800000 0.1572371663
-1.000000 0.800000 0.1939800423
-0.900000 0.800000 0.2345702881
-0.800000 0.800000 0.2780373005
-0.700000 0.800000 0.3230332564
-0.600000 0.800000 0.3678794412
-0.500000 0.800000 0.4106557528
-0.400000 0.800000 0.4493289641
-0.300000 0.800000 0.4819089901
-0.200000 0.800000 0.5066169924
-0.100000 0.800000 0.5220457768
0.000000 0.800000 0.5272924240
0.100000 0.800000 0.5220457768
0.200000 0.800000 0.5066169924
0.300000 0.800000 0.4819089901
0.400000 0.800000 0.4493289641
0.500000 0.800000 0.4106557528
0.600000 0.800000 0.3678794412
0.700000 0.800000 0.3230332564
0.800000 0.800000 0.2780373005
0.900000 0.800000 0.2345702881
1.000000 0.800000 0.1939800423
1.100000 0.800000 0.1572371663
1.200000 0.800000 0.1249302122
1.300000 0.800000 0.0972957471
1.400000 0.800000 0.0742735782
1.500000 0.800000 0.0555762126
1.600000 0.800000 0.0407622040
1.700000 0.800000 0.0293049159
1.800000 0.800000 0.0206508252
1.900000 0.800000 0.0142642339
2.000000 0.800000 0.0096576976
-2.000000 0.900000 0.0081478597
-1.900000 0.900000 0.0120342323
-1.800000 0.900000 0.0174223746
-1.700000 0.900000 0.0247235265
-1.600000 0.900000 0.0343896373
-1.500000 0.900000 0.0468876952
-1.400000 0.900000 0.0626620047
-1.300000 0.900000 0.0820849986
-1.200000 0.900000 0.1053992246
-1.100000 0.900000 0.1326554651
-1.000000 0.900000 0.1636541368
-0.900000 0.900000 0.1978986991
-0.800000 0.900000 0.2345702881
-0.700000 0.900000 0.2725317930
-0.600000 0.900000 0.3103669413
-0.500000 0.900000 0.3464558103
-0.400000 0.900000 0.3790830381
-0.300000 0.900000 0.4065696597
-0.200000 0.900000 0.4274149319
-0.100000 0.900000 0.4404316545
0.000000 0.900000 0.4448580662
0.100000 0.900000 0.4404316545
0.200000 0.900000 0.4274149319
0.300000 0.900000 0.4065696597
0.400000 0.900000 0.3790830381
0.500000 0.900000 0.3464558103
0.600000 0.900000 0.3103669413
0.700000 0.900000 0.2725317930
0.800000 0.900000 0.2345702881
0.900000 0.900000 0.1978986991
1.000000 0.900000 0.1636541368
1.100000 0.900000 0.1326554651
1.200000 0.900000 0.1053992246
1.300000 0.900000 0.0820849986
1.400000 0.900000 0.0626620047
1.500000 0.900000 0.0468876952
1.600000 0.900000 0.0343896373
1.700000 0.900000 0.0247235265
1.800000 0.900000 0.0174223746
1.900000 0.900000 0.0120342323
2.000000 0.900000 0.0081478597
-2.000000 1.000000 0.0067379470
-1.900000 1.000000 0.0099518183
-1.800000 1.000000 0.0144075918
-1.700000 1.000000 0.0204453460
-1.600000 1.000000 0.0284388247
-1.500000 1.000000 0.0387742078
-1.400000 1.000000 0.0518189172
-1.300000 1.000000 0.0678809394
-1.200000 1.000000 0.0871608515
-1.100000 1.000000 0.1097006485
-1.000000 1.000000 0.1353352832
-0.900000 1.000000 0.1636541368
-0.800000 1.000000 0.1939800423
-0.700000 1.000000 0.2253726555
-0.600000 1.000000 0.2566607770
-0.500000 1.000000 0.2865047969
-0.400000 1.000000 0.3134861809
-0.300000 1.000000 0.3362164937
-0.200000 1.000000 0.3534546820
-0.100000 1.000000 0.3642189796
0.000000 1.000000 0.3678794412
0.100000 1.000000 0.3642189796
0.200000 1.000000 0.3534546820
0.300000 1.000000 0.3362164937
0.400000 1.000000 0.3134861809
0.500000 1.000000 0.2865047969
0.600000 1.000000 0.2566607770
0.700000 1.000000 0.2253726555
0.800000 1.000000 0.1939800423
0.900000 1.000000 0.1636541368
1.000000 1.000000 0.1353352832
1.100000 1.000000 0.1097006485
1.200000 1.000000 0.0871608515
1.300000 1.000000 0.0678809394
1.400000 1.000000 0.0518189172
1.500000 1.000000 0.0387742078
1.600000 1.000000 0.0284388247
1.700000 1.000000 0.0204453460
1.800000 1.000000 0.0144075918
1.900000 1.000000 0.0099518183
2.000000 1.000000 0.0067379470
-2.000000 1.100000 0.0054616737
-1.900000 1.100000 0.0080667871
-1.800000 1.100000 0.0116785670
-1.700000 1.100000 0.0165726754
-1.600000 1.100000 0.0230520633
-1.500000 1.100000 0.0314297620
-1.400000 1.100000 0.0420035979
-1.300000 1.100000 0.0550232201
-1.200000 1.100000 0.0706512131
-1.100000 1.100000 0.0889216175
-1.000000 1.100000 0.1097006485
-0.900000 1.100000 0.1326554651
-0.800000 1.100000 0.1572371663
-0.700000 1.100000 0.1826835241
-0.600000 1.100000 0.2080451824
-0.500000 1.100000 0.2322362747
-0.400000 1.100000 0.2541069596
-0.300000 1.100000 0.2725317930
-0.200000 1.100000 0.2865047969
-0.100000 1.100000 0.2952301669
0.000000 1.100000 0.2981972794
0.100000 1.100000 0.2952301669
0.200000 1.100000 0.2865047969
0.300000 1.100000 0.2725317930
0.400000 1.100000 0.2541069596
0.500000 1.100000 0.2322362747
0.600000 1.100000 0.2080451824
0.700000 1.100000 0.1826835241
0.800000 1.100000 0.1572371663
0.900000 1.100000 0.1326554651
1.000000 1.100000 0.1097006485
1.100000 1.100000 0.0889216175
1.200000 1.100000 0.0706512131
1.300000 1.100000 0.0550232201
1.400000 1.100000 0.0420035979
1.500000 1.100000 0.0314297620
1.600000 1.100000 0.0230520633
1.700000 1.100000 0.0165726754
1.800000 1.100000 0.0116785670
1.900000 1.100000 0.0080667871
2.000000 1.100000 0.0054616737
-2.000000 1.200000 0.0043394833
-1.900000 1.200000 0.0064093334
-1.800000 1.200000 0.0092790139
-1.700000 1.200000 0.0131675475
-1.600000 1.200000 0.0183156389
-1.500000 1.200000 0.0249720020
-1.400000 1.200000 0.0333732700
-1.300000 1.200000 0.0437177973
-1.200000 1.200000 0.0561347628
-1.100000 1.200000 0.0706512131
-1.000000 1.200000 0.0871608515
-0.900000 1.200000 0.1053992246
-0.800000 1.200000 0.1249302122
-0.700000 1.200000 0.1451481985
-0.600000 1.200000 0.1652988882
-0.500000 1.200000 0.1845195240
-0.400000 1.200000 0.2018965180
-0.300000 1.200000 0.2165356673
-0.200000 1.200000 0.2276376884
-0.100000 1.200000 0.2345702881
0.000000 1.200000 0.2369277587
0.100000 1.200000 0.2345702881
0.200000 1.200000 0.2276376884
0.300000 1.200000 0.2165356673
0.400000 1.200000 0.2018965180
0.500000 1.200000 0.1845195240
0.600000 1.200000 0.1652988882
0.700000 1.200000 0.1451481985
0.800000 1.200000 0.1249302122
0.900000 1.200000 0.1053992246
1.000000 1.200000 0.0871608515
1.100000 1.200000 0.0706512131
1.200000 1.200000 0.0561347628
1.300000 1.200000 0.0437177973
1.400000 1.200000 0.0333732700
1.500000 1.200000 0.0249720020
1.600000 1.200000 0.0183156389
1.700000 1.200000 0.0131675475
1.800000 1.200000 0.0092790139
1.900000 1.200000 0.0064093334
2.000000 1.200000 0.0043394833
-2.000000 1.300000 0.0033795930
-1.900000 1.300000 0.0049915939
-1.800000 1.300000 0.0072265033
-1.700000 1.300000 0.0102548963
-1.600000 1.300000 0.0142642339
-1.500000 1.300000 0.0194482147
-1.400000 1.300000 0.0259911288
-1.300000 1.300000 0.0340474547
-1.200000 1.300000 0.0437177973
-1.100000 1.300000 0.0550232201
-1.000000 1.300000 0.0678809394
-0.900000 1.300000 0.0820849986
-0.800000 1.300000 0.0972957471
-0.700000 1.300000 0.1130415306
-0.600000 1.300000 0.1287349036
-0.500000 1.300000 0.1437039498
-0.400000 1.300000 0.1572371663
-0.300000 1.300000 0.1686381473
-0.200000 1.300000 0.1772844100
-0.100000 1.300000 0.1826835241
0.000000 1.300000 0.1845195240
0.100000 1.300000 0.1826835241
0.200000 1.300000 0.1772844100
0.300000 1.300000 0.1686381473
0.400000 1.300000 0.1572371663
0.500000 1.300000 0.1437039498
0.600000 1.300000 0.1287349036
0.700000 1.300000 0.1130415306
0.800000 1.300000 0.0972957471
0.900000 1.300000 0.0820849986
1.000000 1.300000 0.0678809394
1.100000 1.300000 0.0550232201
1.200000 1.300000 0.0437177973
1.300000 1.300000 0.0340474547
1.400000 1.300000 0.0259911288
1.500000 1.300000 0.0194482147
1.600000 1.300000 0.0142642339
1.700000 1.300000 0.0102548963
1.800000 1.300000 0.0072265033
1.900000 1.300000 0.0049915939
2.000000 1.300000 0.0033795930
-2.000000 1.400000 0.0025799120
-1.900000 1.400000 0.0038104804
-1.800000 1.400000 0.0055165644
-1.700000 1.400000 0.0078283775
-1.600000 1.400000 0.0108890237
-1.500000 1.400000 0.0148463683
-1.400000 1.400000 0.0198410947
-1.300000 1.400000 0.0259911288
-1.200000 1.400000 0.0333732700
-1.100000 1.400000 0.0420035979
-1.000000 1.400000 0.0518189172
-0.900000 1.400000 0.0626620047
-0.800000 1.400000 0.0742735782
-0.700000 1.400000 0.0862935865
-0.600000 1.400000 0.0982735856
-0.500000 1.400000 0.1097006485
-0.400000 1.400000 0.1200316285
-0.300000 1.400000 0.1287349036
-0.200000 1.400000 0.1353352832
-0.100000 1.400000 0.1394568562
0.000000 1.400000 0.1408584209
0.100000 1.400000 0.1394568562
0.200000 1.400000 0.1353352832
0.300000 1.400000 0.1287349036
0.400000 1.400000 0.1200316285
0.500000 1.400000 0.1097006485
0.600000 1.400000 0.0982735856
0.700000 1.400000 0.0862935865
0.800000 1.400000 0.0742735782
0.900000 1.400000 0.0626620047
1.000000 1.400000 0.0518189172
1.100000 1.400000 0.0420035979
1.200000 1.400000 0.0333732700
1.300000 1.400000 0.0259911288
1.400000 1.400000 0.0198410947
1.500000 1.400000 0.0148463683
1.600000 1.400000 0.0108890237
1.700000 1.400000 0.0078283775
1.800000 1.400000 0.0055165644
1.900000 1.400000 0.0038104804
2.000000 1.400000 0.0025799120
-2.000000 1.500000 0.0019304541
-1.900000 1.500000 0.0028512437
-1.800000 1.500000 0.0041278442
-1.700000 1.500000 0.0058576897
-1.600000 1.500000 0.0081478597
-1.500000 1.500000 0.0111089965
-1.400000 1.500000 0.0148463683
-1.300000 1.500000 0.0194482147
-1.200000 1.500000 0.0249720020
-1.100000 1.500000 0.0314297620
-1.000000 1.500000 0.0387742078
-0.900000 1.500000 0.0468876952
-0.800000 1.500000 0.0555762126
-0.700000 1.500000 0.0645703469
-0.600000 1.500000 0.0735345438
-0.500000 1.500000 0.0820849986
-0.400000 1.500000 0.0898152946
-0.300000 1.500000 0.0963276382
-0.200000 1.500000 0.1012664619
-0.100000 1.500000 0.1043504848
0.000000 1.500000 0.1053992246
0.100000 1.500000 0.1043504848
0.200000 1.500000 0.1012664619
0.300000 1.500000 0.0963276382
0.400000 1.500000 0.0898152946
0.500000 1.500000 0.0820849986
0.600000 1.500000 0.0735345438
0.700000 1.500000 0.0645703469
0.800000 1.500000 0.0555762126
0.900000 1.500000 0.0468876952
1.000000 1.500000 0.0387742078
1.100000 1.500000 0.0314297620
1.200000 1.500000 0.0249720020
1.300000 1.500000 0.0194482147
1.400000 1.500000 0.0148463683
1.500000 1.500000 0.0111089965
1.600000 1.500000 0.0081478597
1.700000 1.500000 0.0058576897
1.800000 1.500000 0.0041278442
1.900000 1.500000 0.0028512437
2.000000 1.500000 0.0019304541
